-1.9089064
-1.1584249
-1.2227948
-2.0205673
-0.96293362
-2.8008778
-0.64152145
-2.3400855
-0.26666298
-2.1052016
-3.4486454
-0.34101659
-3.0129847
-1.4841935
0.064751941
-1.3819638
-2.0222901
-1.7554925
-1.6448362
-0.19120286
-2.3846755
-2.9693464
-2.2084429
-2.7987166
-2.0132959
-2.8451673
-2.9266061
-0.85588035
-2.8072646
0.44584969
-3.0725513
-4.9640488
-1.8273919
-1.8272367
-3.5713094
-0.43061441
-0.60767653
-2.9424145
-3.3924561
-2.1907045
-0.8746197
-2.5377095
-2.0123312
-1.7434874
-0.57656733
-1.0855807
-2.5528804
-1.2602942
-2.1631358
-1.9548862
0.087970342
0.56903713
-3.2443861
-2.2443548
-1.7138344
0.91839722
-1.7261654
-0.1643008
-1.5291949
-2.9654287
-1.8564526
-3.8392068
-2.3794244
-1.7394133
-2.0858215
-0.43554181
-1.9852921
-2.783052
-1.0037523
-1.9761899
0.95629082
-2.5212843
-0.69649906
-2.1636411
-1.1945818
-1.7434735
-0.79372003
-2.9346645
-1.5626166
-1.8027991
-1.3735436
-2.6715032
-1.5147997
-1.6776984
2.0813276
-3.2542933
-3.0509395
-2.1165822
-1.9193017
-1.1864533
-2.7382669
-1.2583859
-1.4747052
-1.9316616
-3.3022671
-1.5074875
-2.8575842
-2.2912436
0.25252728
-1.0519405
-1.3751965
-1.3603433
-1.8250723
-1.2385278
-2.2105837
0.029810553
-2.9869758
-3.1235405
-1.7283137
-0.040535273
-3.3890589
-0.89440593
-2.2301352
-1.6819642
-1.90861
-0.94156286
-0.31556042
-1.7596662
-2.1643898
-2.7398882
-1.5323895
-1.9421696
-2.8236194
-2.921087
-1.4994203
-0.61342988
-3.5781252
-2.3629441
-1.9199393
-1.1615328
0.050470959
-1.7053853
-1.4110999
-3.7470535
-2.3816123
-2.3580074
-2.6892925
-4.0562249
-1.3799868
-1.250614
-1.2642966
-1.3539468
-1.8631409
-2.3162256
-3.7224032
-1.200385
-2.2881688
-0.94854487
-1.1959429
-2.8741828
-2.9546164
-0.23358816
-1.7040603
-2.0233407
-1.2240138
-1.8919109
-2.6316867
-1.3438598
-1.5525124
-2.0169976
-3.1969443
-1.8684833
1.6950216
-0.11395847
0.52225878
-4.1957163
-1.7807038
-2.8491762
-2.493078
-3.0890653
-1.8107809
-4.2226842
-1.4640695
0.39609617
-1.8080996
-1.8579354
-3.6379495
-1.5292857
-1.3036425
-2.6068286
-1.5816697
-0.99007604
-2.2563674
-2.3042369
-1.1453617
1.7326358
-2.859623
-1.6878998
-1.2966028
-1.8916156
-3.2008817
-3.1836792
-1.6078795
-1.8953721
-1.739208
-2.6577563
1.2945516
0.31041447
-1.8313406
-3.1387572
-2.4012093
-1.2108729
-2.0188516
-0.99630975
-1.8882789
-0.75793512
-2.3780474
-0.1856019
-1.7871865
-2.2728033
-1.6396254
-1.112142
-0.50464208
-2.2882715
-1.6550507
-0.60361628
-2.063071
-3.1121421
-1.3540469
-0.81173511
-1.6560982
-1.8851314
-2.7844439
-1.4857963
-2.2673302
-1.5563112
-1.3094607
-0.28422404
-1.5080137
-2.3489995
-2.6820291
-1.5415708
-3.3714622
-1.9400761
-3.0007817
-0.37844112
0.21380718
-1.1756593
-1.5245664
-1.2665997
-1.1899608
-1.7119471
-1.2413557
-2.2817799
-1.1150424
-2.4797275
-1.7485268
-0.031813026
-1.0111641
-1.9757508
-1.4626094
-2.1409825
-3.169306
-1.8339418
-2.3602397
-1.362446
-0.56077182
-0.10385968
-2.3365844
-2.9444635
-1.845837
-0.61613151
-2.5836562
-2.5423145
-0.18681312
-2.3193541
-1.7068834
-2.4188879
-3.0013917
-3.2531698
-1.7097824
-2.8221471
0.30454821
-2.5537535
-0.70443971
-0.95377493
-1.0558542
-2.9959664
-1.2318916
-2.8646187
-2.750883
-1.7261654
-1.1269315
-1.2306033
-1.9522003
-1.1480294
-0.15587321
-1.7772794
-1.9348244
-1.5699566
-2.5249551
-3.4823656
-1.9150053
-2.4817382
-2.7683159
-1.8638496
-0.95037278
-2.6616659
-2.8566721
0.64839677
-1.7575108
-0.83826322
-0.22320428
-1.4506394
-0.14386223
-1.7183193
-2.6233084
-3.2388236
-3.0943535
-2.5289049
-2.1866981
-1.8638811
-1.812566
-0.91272753
-0.85449
-2.2324673
-2.7727561
-2.3657878
-2.1359237
-1.4358306
-0.60110454
-1.9820122
-0.99604884
-3.1819557
-2.9219573
-3.6230693
-0.83429692
-1.7363393
-2.447807
-1.8640536
-2.0357474
-0.87998505
-0.047986915
-2.5472052
-2.899141
-1.9893073
-2.4982257
-1.5471091
-1.1876747
-0.31067435
-1.9745702
-3.3927379
-2.2468851
-2.6854679
-1.8103545
-2.7998637
-2.0685991
-2.5356268
-3.0746273
-2.1918851
-1.7623629
-2.5511823
-2.8682641
-2.8464495
0.26610463
-2.9147785
-1.9484664
-1.1614479
-1.9103053
-1.7858762
0.65554917
-2.2106823
-2.069909
-3.0348681
-2.5611235
-1.8507122
-3.1824096
-2.8387303
-2.4744745
-1.7802858
-3.6194908
-1.0843725
-1.0189882
-2.6290349
-2.1662273
-2.2141778
-1.9401895
-1.7169007
-3.0256253
-0.96597225
-2.1894893
-0.98584924
-2.7923724
-0.79663756
-3.304699
-1.2295093
-3.2689296
-2.7405188
-1.5979439
-1.6915278
-2.7781835
-0.26244958
-3.405004
-3.0054939
-1.3944412
0.23401145
-2.040511
-1.2003954
-2.0213179
1.7886737
-0.68365342
-2.8067829
-2.0735266
-2.7805153
-3.8843097
-0.7616356
-3.0873451
-1.703754
-1.609867
-0.74568259
0.073673069
-0.9548066
-0.76009737
-1.9884974
-2.1427336
-3.8805229
-3.3522859
-1.7232656
-4.0957201
-0.99943152
-1.1562267
0.092164571
-2.425657
-1.9331859
-1.4571414
-2.2306922
-1.1639649
-1.4378667
-2.0672171
-2.9619707
-2.2175649
-1.6146646
-3.4234001
-1.8206905
-2.3436823
-2.0526364
-1.5100969
-2.0084165
-2.5907666
-1.0263275
-1.2568588
-4.0845159
-0.95296233
-2.5074002
-0.75522445
-0.84837769
-0.88238461
-2.3007141
0.28270609
-1.7466358
-2.6560684
-1.6720139
-3.2705149
-1.4994434
-2.5111553
-3.5047
-2.3200228
-3.5897142
-1.3056963
-2.328255
-1.7250549
-3.8178802
-0.019937691
-1.3958098
-2.1136648
-0.94601055
-2.8052462
-2.4564742
-1.1151983
-1.5403142
-0.0020806409
-1.6947503
-3.441776
0.014245286
-1.791779
-1.6349948
-1.8013089
-0.12241785
-1.6527322
-1.2937065
-2.6336551
-1.1000155
-1.454007
-1.6241004
-2.3832038
-2.0733002
-1.7438294
-3.0940862
-2.0370585
-3.043334
-1.6721676
-1.3968316
-3.1877654
-2.4241273
-0.37124224
-1.6751031
-3.161108
-2.4820465
-2.0326293
-2.5956146
-2.3256646
-1.97246
-2.9526569
-0.84984621
-2.1925997
-0.87496689
-2.4339807
-1.078776
-1.4551641
-3.1359402
-1.1900867
-2.7374802
-1.9677012
-1.040142
-3.0430565
-3.1041262
-2.0824467
-0.76929871
-2.0948933
-2.5582157
-1.5879721
-2.2139048
-2.2831296
0.30421594
-2.4178292
-2.882852
-1.9538788
-0.99946175
-1.9809058
-0.97615254
-1.7081971
-2.1064135
0.83851197
-0.22153583
-0.21616614
0.4595115
-2.0583554
-2.0967557
-1.1801398
-1.3702737
-1.7407177
0.14061765
-1.4596194
-1.2274959
-2.1975667
-1.8284167
-1.7516173
-0.42954517
-3.2275736
-2.3539421
-3.0756292
-0.6922135
-1.5959443
-1.0919024
-1.0464222
-1.9046189
-1.1396978
-2.7199065
-2.1270226
-0.97365757
-2.2198233
-4.4204762
-1.9136882
-1.2296997
-2.7612531
-1.4681905
-3.0460467
-2.299312
-1.6657324
-2.6867055
-2.619318
-1.695459
-1.3166488
0.33077759
0.039932846
-1.7553007
-0.25187992
-2.248788
-2.0623814
-0.26921682
-1.6072963
0.47492057
-2.3491262
-1.2789173
-2.9159662
-0.31658618
-1.3303129
-0.73653792
-1.9688136
-0.64338711
-2.2756878
-0.10279944
-1.9482897
-1.9312441
-2.6213311
-1.7597298
-3.7636371
-2.3064913
-2.7753514
-1.7075022
-1.6124013
-1.8930365
-1.690552
-0.82436057
-1.8167794
-0.97133917
-0.96405724
0.51512499
-0.014309975
-2.607231
-1.8544438
-1.7799422
-1.9217103
-1.2938671
2.8023256
-0.063600499
-1.6458325
-2.3285548
-1.7640181
-1.3990512
-0.45828186
0.47366177
-0.60093156
-2.3572573
-3.5340099
-1.1704462
0.23384842
-2.1353032
-1.8269283
-1.6078914
-1.5360685
-1.1818845
-2.5887149
-3.048697
-0.79859771
-0.8461081
-1.6298846
-1.0701751
-1.2506298
-1.7690538
-2.1871616
-3.1734137
-2.220053
-2.6593171
-1.7478863
-0.43219139
-1.7462438
-2.5099312
-3.7063093
-0.10028413
-1.2490853
-2.3517231
-1.1568806
-1.9827343
-2.8613025
-0.68224754
-3.9788125
-0.42561744
-1.6854436
-1.7017694
-1.5621197
-3.4533863
-0.75729005
-0.22225098
-2.0059525
-2.3993866
-2.0921133
-0.35151537
-0.34740066
-1.5791336
-0.59417817
-1.5471124
-2.1320966
-1.6829676
-1.502857
-0.81007924
-2.8341207
-1.2497363
0.37157707
-1.5486538
-1.5215929
-0.079041101
-1.6142179
-1.4598103
-2.0390438
-0.55959086
-1.4272554
-1.9391364
-1.3503252
-1.2006115
-1.7634263
-1.4943216
-2.4860136
-0.0032447756
-0.097157137
-1.2768501
-0.94357748
-1.7999735
-2.1562477
-0.96877742
-1.7488459
-3.7248957
-4.1001032
-2.8943795
-1.2065272
-1.5665945
-2.0413213
-0.9440544
-2.3228192
-3.2230332
-2.270706
-2.436688
-1.2613641
-2.1714875
0.19629298
-1.3459829
-2.2746894
-2.8438339
0.27006035
-1.3961338
-2.0376605
-1.7382187
0.46110782
-2.1171522
-0.77302775
-3.4480006
-2.1267018
1.2044719
-2.1641673
-1.1422161
-1.0758117
-0.5972253
-0.042600588
-3.0092421
-3.0680758
0.09152063
0.15578291
-3.0109983
-2.5208921
-2.3093494
-0.98076259
0.99526386
-1.6966423
-2.7541498
-2.6708443
-1.17223
-2.8905906
-2.0101551
-2.0982005
-1.377054
-1.9604317
-1.7888835
-1.3885285
-2.4409625
-2.6592486
-1.2488108
-0.56060675
-1.443211
-1.0003492
-2.0147188
-1.230886
-1.7481906
-2.5425218
-1.8294184
-2.0181123
-1.4990477
-1.5811187
-1.5791192
-2.4995466
-2.0253082
-0.47202282
-2.0611027
0.22171945
-2.0366908
-2.4074812
-2.7855632
-1.7261654
-1.4030141
-1.8649018
-0.34496004
-1.176569
-3.7298432
-1.27334
-2.621435
0.013120741
-3.2410599
-2.2673826
-1.7362426
-1.3753828
0.52760701
-2.2390326
-2.1312969
-3.1526272
-2.6193436
-3.7116265
-3.4742488
-4.6671766
-1.9685642
-1.9414644
-2.0691967
-1.6812529
-2.4692671
-0.50792409
-1.803678
-2.0524242
-1.3541805
-0.73017231
-2.1055396
-1.0558573
-2.9177813
-0.58550884
-0.61734465
-0.0032762779
-2.1822202
-2.1024014
-1.2265174
-3.3899875
-3.479455
-2.1540112
-2.2752923
-1.787285
-3.013971
-1.7333209
-1.5875043
-2.0111249
-0.85775217
-1.6017876
-1.5378279
-2.3519998
-1.6799946
-2.1573685
-0.40908401
-0.79738822
-2.1207601
-3.9883683
-0.47808222
-1.9054136
-0.69695467
-2.4980303
-1.4169682
-3.0099846
-2.6670519
-0.74700531
-1.4475225
-1.6185742
-3.1138832
-2.2042329
-1.922627
-3.4769543
-2.5989668
-1.3987998
-1.7020368
-1.7238693
-2.685569
-1.1429461
-3.0041968
-2.7436662
0.045876374
-2.4872081
-3.2006212
-1.9811699
-3.0678636
-1.8298889
-2.5269319
-2.3803833
-0.74974577
-2.9207567
-2.9948752
-1.5299017
-3.1143714
-1.1959226
-2.0290333
-0.059900364
-0.81799032
-1.6090112
-1.1393896
-1.1585132
-1.7178177
0.067024376
-1.8104642
-2.8444328
-2.4081721
-2.7222358
-2.4474132
-2.1419853
-1.6522472
-1.0119439
-2.1803639
-1.69914
-2.6371757
-2.7188198
-0.17517291
-2.1765107
-2.7323374
-0.81966266
-1.9733101
-2.1415689
-0.11567097
0.47078939
-2.4953376
-0.38818094
-2.5647398
-2.5235324
0.10983003
-1.732226
-1.5022026
-3.1847628
-1.324503
-0.60434352
-1.3912107
0.56103172
-1.3157611
-1.054173
-1.5659744
-2.8689566
-2.0156851
-0.93042626
-1.0310194
-2.4677761
-2.5345442
-0.71473
-0.96329436
0.024094238
-3.0987851
0.60962628
-1.3710633
-0.85907338
-3.8119746
-1.4692497
-0.84444422
-1.2399746
-0.0087512797
-1.9122035
-2.0783582
-2.2426406
-1.832092
-1.4557102
-1.9007724
-1.2124434
-2.8761577
-1.5125386
-0.21025939
-0.83911528
-1.3462015
-3.0380096
-2.8020662
-2.0092998
-4.282621
-1.0004369
-0.50976736
-2.0565744
-2.1964343
-2.8753104
1.2027921
-0.77981172
-1.848774
-3.091851
-1.7160464
-0.50409246
-1.1416962
-2.5073424
0.070057073
-4.1913693
-2.2085628
-2.526227
0.62890403
-0.016739961
-1.826298
-0.42189725
-0.875027
-2.669364
-2.0329928
-2.0170294
-1.8231808
-2.0978372
-2.8271879
-2.199258
-2.5232779
-2.4881526
-1.4104605
-3.2226154
-1.5875704
-2.9623496
-2.1709375
-1.8311496
0.10953462
-1.0792046
-1.4335818
-1.1345028
-2.3845122
-2.294588
-3.6775894
-2.4670599
-0.54355389
-2.5966864
-1.5044336
-0.63595281
-2.3171527
-1.6343109
-1.6620657
-2.6116918
-1.2826097
-0.63597954
-1.7424445
-3.0874954
-1.1527455
-1.6932748
-0.44763046
-2.6537524
-0.5209683
-0.51942478
-1.6787598
-2.1876172
-1.9666853
-2.6430925
-1.5760267
-1.3861638
-0.78954267
-2.1346534
-1.5391286
-1.732748
-2.7782672
-1.45707
2.0491099
-3.1084084
-1.237722
-0.73921552
-2.3730832
-2.7728054
-1.5375439
-3.950406
-1.636058
-1.1785823
-1.1683988
-2.028856
-2.896786
-4.0690978
-1.7223917
-3.5012695
-3.7114381
-3.1999457
-0.25585447
-1.5808354
-0.081946737
-2.6953971
-1.4123133
-1.4654413
-2.4454001
-2.0902771
-1.471798
-1.2654524
-0.55685369
-1.3261639
-2.0851471
-0.94215736
-2.1674011
-0.26880058
-3.1589471
-0.41338211
-1.8591676
-2.3209786
-3.6705348
-2.0978538
-2.9037876
-1.6456971
-0.94800848
-1.8449547
-1.4500931
0.56320734
-1.7016058
-2.3269948
-2.4345704
-1.6810592
-3.1803538
-1.1784118
-1.327073
-3.5350441
-2.6882651
-0.76703121
-2.4866249
-0.78974849
-0.72154405
-3.3336261
-0.10669015
0.089845808
-1.4647892
-0.1423517
-1.9551533
-1.7572487
-1.604302
-0.53197303
-2.4226342
-3.2100177
-2.0808538
-1.3624634
-0.99565091
-1.9925771
-0.6762532
-0.10278877
-1.3899018
-2.5493251
-3.5672329
-2.5310694
-0.70134001
-1.5409475
-1.8748427
-1.8238257
-1.9952836
-2.599233
0.55976751
-2.5937287
-0.98361679
-1.7738345
-2.4672589
-1.736901
-2.5765312
-1.874038
-1.587404
-2.8334233
-0.95876822
0.14160651
-2.0999955
-2.6158076
-2.4686337
-2.8205729
-2.6441623
-2.8086019
-3.1549827
-2.1400795
-2.1823326
-2.0355441
-1.4717027
-4.6297423
-1.3941816
-1.4502855
-1.4076672
-2.5659029
-2.7378443
-1.000736
-2.4355157
-2.8362142
-4.0027358
-0.24324921
-3.5189172
-0.48895804
-1.8174271
-1.1728001
-1.4561809
-1.0003762
-2.2932757
-2.6234782
-0.48235506
-0.69407013
-1.3017151
-1.0007433
-3.0004911
-2.1961556
-3.7118771
-1.7599282
-2.3093494
-1.9936978
-2.486215
-1.1912643
-3.832273
-2.7682199
0.52207899
-1.0131184
-1.7982588
0.027356269
-1.9933488
-1.8243227
-1.0572349
-1.3000766
-4.1804488
-1.0692822
-0.58409339
-2.8097734
-1.0942717
-3.0746273
-2.2963227
-1.1356084
-1.2891248
-1.0004204
-2.2077608
-1.2419613
-0.94122719
-3.1916469
-1.1927971
0.34480362
-2.5365152
-2.3862549
-3.1013736
-2.8090323
-2.5006257
-0.50298149
-3.3935352
-0.24335177
-2.9086201
0.70423948
-1.036466
-1.411096
-1.5915812
-2.2122018
1.2874215
-0.78031473
0.092694162
-1.8780291
-1.0603951
-3.6105038
-2.96345
-0.49076939
-2.2253144
-2.5616744
-1.0197082
-2.9026393
-2.4633913
-1.3223795
-1.7041065
-2.9582503
-3.4371427
-1.731377
-3.1287853
-1.5602689
-1.7832308
-4.5705662
-0.3164918
-2.8512398
-2.3525896
-2.3693353
-0.17547097
0.892997
-0.75654022
-1.1214705
-0.54747018
-1.0530592
-1.8796969
-2.5846473
-2.6909798
0.14098486
-1.915525
-2.9930917
-3.1655204
-2.7411294
-2.1583404
-1.8593938
-2.0392388
-0.44966135
-1.4596112
-1.4931673
-2.5467278
-1.8650141
-1.6856359
-0.31183577
-3.3708472
-1.9748686
-2.8437541
-1.638741
-2.969103
-2.1489343
-1.447495
1.0237683
-1.1876747
-2.340313
-2.1020801
-0.82204896
-3.4452998
-2.3236656
-2.2164729
-1.6698624
0.18659944
-1.2311381
-1.4379555
-1.952705
-0.98440479
-2.2434632
-1.6513955
-2.2677426
-0.1948507
-1.9922803
-2.0831242
-2.6660112
-1.6885074
0.50676299
-1.5170639
-2.3277326
-0.37201358
-2.0147554
-1.9426815
-2.3258903
-1.7697052
-1.4226868
-2.1081379
-1.5894457
-1.7896058
-1.9668011
-1.9790141
-1.5098715
-0.5059869
-1.903627
-0.23900583
-1.8599663
-0.6831808
-3.7979393
-1.3796441
-2.1302659
-1.3692538
-2.1764537
-2.1072505
0.91639739
-2.5297301
-2.5820348
0.11245516
0.083171478
-3.5223741
-2.8590474
-0.21147695
-0.51414546
-2.3844254
-1.3151737
-3.2108879
-3.7124906
-1.0931747
-3.1250852
-1.5954915
-2.7422958
-1.9647603
-1.6394051
-1.2115872
-1.3950019
-0.40214662
-2.1074969
-0.77313478
-2.716157
-4.4195504
-2.4042045
-1.5645166
-1.382971
-2.867598
-1.5531673
-1.043988
-1.1261577
-1.7069784
-0.45661283
-1.1869286
-3.1309659
-3.4470258
1.5888891
-0.47875652
-1.4244208
-3.610237
-2.656786
-1.116267
-0.56866628
-3.0246947
-0.4153416
-3.0217072
-1.7118338
-1.6280776
-3.6052272
-1.9580407
-2.9419096
-2.261401
-0.27436199
-3.0536418
-1.9527966
-0.9804284
-1.698524
-0.048726989
-1.5673823
-1.4974572
-1.1943727
-1.7181321
-1.5726355
-2.8921181
-2.6321454
0.37416457
-0.53785324
-1.8112137
1.5426321
-2.2293171
-1.2810117
-2.1944626
-1.945654
-1.2004409
-0.56381946
-1.7931826
-2.5498485
-1.7905364
0.76958676
-3.4477092
-3.5640624
-2.8069982
-2.0204006
-2.8128261
-1.4299598
-0.41659794
-2.3676334
-1.325034
0.30608385
-1.8680524
-1.9855232
-3.1542511
-1.9507909
-3.3624245
-0.62906766
-2.578784
-2.8161209
-1.7486349
0.033113053
-2.7546691
-2.9263433
-1.8511156
-4.2675781
-2.0708327
-1.7833144
-1.7055143
-0.28155621
-1.4246262
-3.2027493
-2.4275123
-2.8579054
-0.75960521
-1.1416899
-0.94582378
-2.1712365
-0.5401492
-1.027699
-1.3172795
-3.1255659
-0.36115057
-2.7458847
-1.781235
-2.2943519
-1.1802647
-1.0646747
-3.5267477
-2.9707694
-3.3205856
-1.621849
-1.4205722
-3.7274495
-1.7746268
-2.5760242
-1.8140035
-1.434445
-1.3097038
0.056068823
-2.7375487
-1.6265427
-0.020887922
-2.843828
-2.7990008
-2.2538941
-2.473102
-3.2919494
-0.98861071
-2.6071629
-2.198072
-0.58597044
-0.36431441
-3.1120716
-1.9313639
-1.4589352
-1.2294496
-3.6162982
-2.1801563
-1.1262477
-2.4985266
-1.8870368
-0.58685452
-2.2410429
-0.89776382
-1.8410968
-0.60357744
-2.8848902
-1.5590634
-1.2412475
-3.052649
-1.6949521
-0.66618246
-2.9035387
-0.021949361
-2.908348
-2.4502547
-1.9578506
-1.617404
-3.4256523
-2.3705914
-1.2566926
-1.6402496
-3.4918282
-0.93815293
-2.8720143
-3.3411222
-2.0631508
-2.3609568
-4.2209273
-3.3970281
0.068034073
-0.43556482
-1.7218265
-1.3605357
-3.5232153
-1.8288658
-1.9832058
-2.0940394
-1.9113839
-0.12280219
-2.0154313
-1.2834748
-2.9195123
-0.77359898
2.7404561
-0.99612188
-2.2003635
-1.0446998
-1.1974536
-1.8038805
-0.89213124
-2.5279313
-1.1504695
0.40008525
1.1962546
-2.0953781
-0.50948112
-0.62271216
0.0047091748
-1.4707838
-3.5394627
-4.6837319
-0.83030592
-1.5279128
-2.2936989
-1.797498
-0.70476575
-1.2691625
-1.9888454
-2.3760964
-2.3914271
-0.6458903
-0.72183792
-1.020766
-2.1406973
-1.0578828
-1.9722786
-1.5562067
2.2014066
-1.9054733
-1.9614096
-1.2946322
-2.3377427
-3.368375
-0.18066364
-1.9631079
-1.9503003
-3.0544333
-0.815891
-1.9468543
0.31021683
-2.7678952
-1.5832606
-3.0828979
-1.6777447
-2.559943
-2.3325297
-2.0976584
-2.1601464
-1.9067344
-3.1848534
-0.90758906
-1.0195251
-1.1762819
-0.45246067
0.64471145
-2.7812944
-3.2824042
-0.68973944
-3.5611409
-2.4986355
-0.84181076
-2.717469
-2.1682428
0.28464813
-2.1390899
-0.54693164
-2.084196
-2.0465589
-2.9119801
-0.12940882
-1.8473813
-0.98274634
-1.0685043
-1.5921322
-1.0240481
-1.4685108
-1.8285959
-2.0762649
0.51501606
-2.5173346
-2.9461605
-1.6565233
-1.1394943
-1.1664084
-1.9288359
-0.95143509
-2.1517959
-3.1535118
-2.4340265
-2.55337
-3.2481856
-2.0362053
-2.6629457
-1.1367302
-0.56565438
-1.836736
-3.6097917
-1.4911123
-1.9370556
-0.572994
-2.03277
-2.3680573
-1.3644334
-1.1183011
-3.3967279
-2.048231
-4.8568931
-2.5004059
-1.6887035
-0.89994044
-2.9346495
-1.9372719
-1.3164828
-2.0253182
-0.018071232
-2.084359
-0.62109167
-2.5922307
-0.99271797
-1.7467722
-0.63751476
-3.9875862
-1.8731606
-2.5783959
-1.1487544
-1.0313861
-2.4168396
-1.6758797
-1.2198409
-2.1218797
-0.79770257
-1.714815
-0.10244448
-3.2629081
1.0650772
-1.7901489
-3.7520329
-1.3211286
-2.8275154
-2.7036099
-0.039365023
-2.4276508
-2.7691989
-2.4598259
-2.7249229
-3.2146498
-2.2064634
-1.1460635
-1.9563289
-2.2226605
-0.76670889
-2.0481483
-1.9806488
0.53023228
-2.2363898
-2.5110589
-2.208631
-2.7595732
-1.3187288
1.071327
-3.5176921
0.10256204
-2.9365318
-2.5336006
-2.0707702
-0.58316622
-3.5353238
-1.3334569
-3.2507532
-3.7641442
-1.623678
1.9216264
-2.3925919
-2.1273247
-0.45248875
-1.6822317
-2.6896081
-1.3546226
-3.2090702
-0.83187683
-2.9876607
-0.81699614
-1.5792354
-2.4544854
-1.8701266
-0.94537134
-2.0761982
-1.1179561
-1.4288209
-1.1480223
-2.517692
-3.3675911
-2.27955
0.67957936
-1.89116
-0.81624929
-1.6208007
-4.3729128
-2.2564447
-0.97938563
-2.1327901
-2.3582199
-3.1378971
-1.9141127
-0.26515677
-1.1694055
-0.53589971
-0.9529761
-3.9831404
-1.440731
-1.3318763
-3.0821038
0.5113763
-1.2445023
-1.6877436
-1.3933012
-0.97749302
-1.9286181
-2.867247
-1.215742
-2.0435078
-2.165481
-2.9110893
-2.5043088
-2.8525392
-1.2235281
-1.4832839
-1.3418687
-1.757371
-2.3149195
-1.6147804
-2.0247582
-2.1458897
0.3937957
0.56649325
-2.8920807
-1.0316276
-1.8416223
-1.4989747
-1.7131366
-1.2568244
-3.3943247
-0.26544604
-0.87738885
-0.73073055
-4.2222726
-2.2971051
-3.7104307
-2.1381721
-2.82308
0.6104263
-2.6803436
-2.9930083
-0.31939868
-0.8306662
-3.0677687
-2.674449
-2.5039144
-0.068440084
-4.1981861
-1.955888
-3.5338099
0.85446136
-2.5555607
-1.0264133
-1.3133094
-3.1199627
-2.8898717
-2.7597823
-1.0560876
-2.5627834
-2.2877763
-2.1659474
-0.88532679
-2.2832491
-2.8876364
-2.9884788
-2.4184337
-1.2678771
-1.5701407
-0.7706989
-1.397063
-1.0209902
-2.2021961
-2.6603655
-3.1504439
-1.4313991
-0.97078396
0.64324735
-3.4828657
-1.518694
-1.3682959
-2.7036021
0.020347697
-1.3924666
-2.8352823
-2.5762284
-3.5483753
-2.3571685
-3.0519198
-2.2421379
-2.4174945
0.55474622
-1.5275416
-2.0959643
-2.0532563
-1.5421555
-3.2173877
-0.75848152
-3.8599117
-1.4035658
0.17631654
-2.5291744
-2.0652099
-0.50314766
-0.37011006
-0.2997124
-2.751392
-2.9384767
-0.82403124
-1.7575848
-2.830263
-2.1979814
-2.3289281
-3.4838161
-1.8471024
-2.5381754
-2.356086
-1.6476209
-3.0954933
-1.7550798
-3.2778104
-1.4566977
-4.5382275
0.021489974
-1.3736651
-1.6549825
-1.7743004
-1.9888206
-1.1047301
-1.3650033
-2.2826802
-0.99470124
-2.6676236
-0.75333416
-2.6154382
-2.7174265
-1.9375459
-3.9732153
-0.022330312
-1.4450344
-4.5031157
-1.9134392
-1.7327076
-1.7773508
-2.7850545
-5.0796473
-2.6245797
-1.3530301
-2.6461736
-2.6587543
-2.7355864
-1.7149639
-1.1699045
-1.3851006
-2.331177
-2.4999835
-0.97803304
-4.7544287
-0.42331207
-0.60493074
-1.1138895
-1.8547196
-2.4918372
-0.043835537
-1.4381323
-1.9959882
-2.2597192
-1.2592072
-2.9806994
-0.89610903
-2.2172609
-0.76155586
-0.82844661
-1.3262256
0.87777119
-3.1099085
-1.6676168
0.40796311
-1.8343789
-2.5511427
-2.0542821
-2.8345624
-2.3666825
-3.6179495
-2.4164756
-2.3711818
-2.9021377
-2.8635941
-2.2672784
0.54549828
-3.4798984
-1.4009224
-1.5296831
-1.9252436
-2.0082719
-0.72003434
-1.8035575
-1.1294406
-1.6005162
-0.99497627
-3.1392992
-0.70076614
-1.4485609
-3.0087033
-0.084230922
-2.7218098
-1.7371085
-1.3552477
-1.2269572
-2.1944573
-3.0740215
0.67902937
-1.0514348
-2.144173
-1.8052495
-2.5994937
-2.0262926
-2.8638704
-2.1284365
-2.3016381
-0.33588934
-2.2615095
-1.1452012
-2.9391453
-2.0542892
-1.9910426
-1.0829936
-3.5166485
-2.628397
-1.1991326
-2.1939852
-1.0877305
-0.6405008
-2.243555
-0.49623293
-2.167734
-2.1292295
-0.98959305
-2.0928909
-2.1124469
-1.593588
-0.32541082
-0.77018359
-1.7977261
-1.7869396
-0.4589196
-1.1541437
-0.11888635
-0.84799229
1.6629924
-1.8287437
0.53639617
-3.7200922
-1.9420503
-1.0086666
-0.89207978
-1.0047039
-1.1545144
-0.37349399
-1.3888842
-1.8478245
-0.85659395
-2.4959779
-2.3462439
-1.0324523
-0.47787182
-2.8343009
-4.0920866
-2.1988502
-3.0781001
0.42803445
-3.1628077
-2.2543516
-1.8457159
-1.9030303
-3.1041846
-1.4818944
-1.7337514
-0.23649833
-1.0901215
-1.8771087
-2.855909
-1.7687217
0.68828396
-1.4155394
-1.4139038
-0.70083171
-1.4598258
-1.6825235
-2.5780314
-2.2075783
-1.1916376
-0.4973434
-2.5612355
-1.9358866
-2.5781745
-0.46412343
-2.3135618
0.77641108
-1.2525612
-3.3116204
-2.8691896
-2.2218559
-2.3113851
-1.5081875
-1.7167192
0.16919426
-0.50360944
-1.2715968
-3.0717016
-0.21633007
-0.28008343
-1.3614398
-2.1774787
-2.7328792
-1.8312305
-2.1226277
-0.78296537
-2.2546021
-1.399305
-1.8169125
-2.1182845
-3.3815098
-2.3572452
-1.6425865
-1.3518581
-0.90376427
-3.4705709
-3.1682786
-2.1177724
-1.8454824
-3.6097196
-1.8912034
-1.808001
-3.3669858
-1.5485748
-1.6430985
-1.3379945
-1.7146443
-3.2039736
-1.6666718
-2.3034515
-2.6248161
-2.767804
-2.5306784
-1.4407657
-2.3802973
-3.114107
-1.7365603
-1.1784355
-2.1682605
-2.0621002
-0.62039607
-0.37590557
-3.1285951
-0.1653102
-0.96794325
-1.6741803
-2.4607013
-1.2021239
-3.1527643
-1.6643743
-2.5500939
-2.3012858
-1.8669646
-1.5410133
-1.2974536
-3.0848587
-3.0931691
-2.0062454
-1.870462
-2.4104488
-0.1785972
-3.3318793
-0.76655237
-2.2867757
-2.8158277
-2.880063
-0.12064574
-2.0756864
-0.9915404
-1.9063937
-0.91812099
-0.61507685
-3.5654453
-3.3167331
-1.3814628
-1.3046514
-0.6413349
-1.1435339
-1.8110883
-2.564277
-2.9912518
-3.0635972
-0.28520879
-0.1484247
-3.1932498
-3.1655976
-1.4093626
-2.3282223
-1.7067785
-1.2427266
-0.90685357
-0.079570951
-1.1243928
-2.6271932
2.5883489
-3.0330757
-4.1913731
-2.2175614
-2.7512336
-2.176821
-2.7111831
-0.97018432
-1.8587352
-2.7680945
-2.2713899
-1.6036229
-3.5954815
-1.4101292
-1.7957699
-2.1392855
-0.56887862
-2.0329424
-3.2316596
-1.035184
-1.3862574
-2.0695614
-2.0488154
-2.0791763
-0.62034712
-2.6807167
-0.87738405
-1.5090067
-3.8175955
-1.2539219
-1.126935
1.3866879
-2.2807779
-0.11478491
-3.1493493
-1.0430556
-3.8748112
-1.154727
-0.98357523
-1.9416479
-1.594532
-1.4369704
-2.3447139
-2.8082813
0.29752335
-2.6451128
-3.7905093
-1.4328781
-1.7261654
-2.8880214
-1.7237017
-3.8209547
-0.35232982
-0.83700398
-2.0623242
-1.8522711
-0.88218184
0.53917386
-1.3762191
-1.788309
-1.1106705
-0.34399111
-3.0802894
-2.2905157
-1.7098566
-1.748812
-1.5376387
-1.8613617
-2.0356983
-2.3221348
-1.8058796
-1.9980124
-2.497725
-0.67251496
-2.3780884
-3.1775405
-2.3409418
-1.1712273
-2.7852873
-1.8309374
-2.1311658
-1.7376408
-1.9463312
-0.19799837
0.0076890663
-2.4869695
-1.4666087
-2.1250314
-1.0538619
-0.29540885
-2.6851423
-2.580338
1.4435485
-2.5089632
-1.250926
-3.1713178
-2.2377724
-2.4414674
-2.7816836
-0.17690409
-1.4551413
-2.9451663
-3.8016546
-1.9217992
-1.6935648
-2.709259
-1.7085313
-1.9737936
-1.2637046
-3.386589
-3.6153209
-3.2211339
-1.1266316
-1.6237987
-0.35265064
-2.9187948
0.74051944
-1.1867586
-1.4747077
-2.1701848
-1.6375854
-1.848207
0.65299606
-1.8061456
-2.1285677
-1.8895397
-1.7412848
-1.8721822
-0.4288045
-2.1147155
-0.11986014
0.83870232
-1.3702315
-1.0942732
-2.570239
-2.2193156
-2.7049318
-1.2268079
-2.0875128
-1.6853714
2.0664
-1.8634297
-3.4321546
-1.5295112
-2.3369483
-3.1072645
-0.85338623
-1.6519836
-1.9972672
-0.55269406
-1.9983303
-1.0964544
-2.0892185
-1.1556709
-2.4814352
-0.0075132367
-2.0891129
-3.0273614
-0.37667026
-2.1713689
-0.63564223
-2.2389927
-1.5926728
-0.32281738
-2.3410724
-2.6598052
-2.4871993
1.212669
-1.4299188
-1.4761944
-0.90119845
-0.28905205
-1.5687325
-2.9434361
-0.89447165
-3.0474616
-1.6853853
-2.5922468
-2.8302207
0.70095445
-2.8547995
-2.7158731
-1.5140876
-0.0023978391
-1.4565403
-3.3570695
-1.6314656
-1.127963
-3.1497495
-1.3618594
1.5491032
-2.2622366
-1.9254668
-0.38346078
-1.2856765
-1.0782879
0.38439465
-0.54788635
-3.3017953
-2.5518068
-3.6931848
-1.8954229
-0.86471453
-1.4285914
-2.0942914
-2.8142218
-0.88874406
-2.1676435
-1.6810324
-0.4156251
-2.7371808
-2.5196156
-0.97756975
-2.3737974
-2.0759209
-3.1162062
-0.95870163
-0.3964734
-1.3427802
-3.1314221
-1.1636766
-1.4566934
0.57503103
-2.4467216
-3.4383513
-2.1324903
-1.4545745
-3.2904675
-1.4309803
-1.2800518
-2.2708316
-1.3217202
-2.0132054
-2.7094853
-0.70737155
-1.4648126
-2.7228599
-3.6655614
-1.0333211
-2.6096897
-1.4690149
-0.11024006
-1.434522
-2.2385334
-1.6650696
-2.2400485
-1.7521342
-1.7792604
-2.3734905
-1.7123032
-2.8869185
-2.3441496
-2.2177341
-0.46354138
-0.640242
-1.0305981
-3.4823105
-1.0836897
-2.2082356
-1.5823127
-1.9644721
-1.31248
-1.4868957
-2.1088418
-2.1732438
-2.6866008
-2.9418689
-1.3319126
-2.5007052
-3.6047764
-1.9316742
-2.6117965
-1.5884891
-2.8519388
-2.2536741
-2.7759113
-0.14685696
0.46227816
-2.2385982
-2.2271098
-2.2925585
-1.3240856
-3.6399756
-2.5565958
-2.2530909
-1.5517719
-0.91498169
-1.5943175
-2.0824009
-3.7932116
-1.925962
-2.2698002
-3.4739979
-1.9974813
-0.1779584
0.063998788
-0.7167335
-2.3346007
-1.4884013
-1.5926298
-2.5082426
0.59991195
-1.622509
-1.3843942
-2.894407
-1.9388749
-2.2571254
-2.7495454
1.1469989
-1.9622372
-1.3051376
-1.6959958
-1.6777436
-1.5106798
-1.531449
-0.51452133
-1.3894521
-1.2951838
-1.0520852
-2.8837598
-0.47863249
-2.7186534
-2.5971714
-1.7241718
-2.929114
1.0142717
-0.75097691
-2.7152871
-2.4944988
-0.16940091
-2.0264515
0.14986255
0.079571626
-2.9398979
-1.0441491
-1.8819093
-2.5484923
-2.6379752
-2.0372963
-2.1978251
-2.8973675
-0.9955503
-1.6735415
-3.0508207
-2.8628704
-1.611706
-3.9970371
-1.6867555
-1.8942313
-2.8635313
-1.5421102
-0.88808571
-3.3330262
-1.3250177
-1.9291049
-2.5516286
-2.6373113
-1.8527316
-0.64999272
-2.1961737
-2.1213919
-2.2597275
-1.9579829
-1.3990133
-3.9570979
-2.7686476
-0.33377145
-2.327543
-2.822495
-0.19599518
-2.7152731
-0.59848327
-0.043346866
-0.91816533
-1.1655846
-2.2392993
-0.59302426
-2.4552739
-0.33038558
-1.0518173
-1.3706032
-1.9602468
-1.2189743
-1.5488887
-2.5516357
-2.3639457
-1.5736735
-0.64252695
-1.3772503
-2.9424424
-3.2777502
-2.1918047
-2.6846398
-1.4151923
-3.201824
-3.4332447
-3.2908615
-0.28900403
-1.0776681
-1.7298243
-1.9142702
-2.2013383
0.94166488
-0.86507324
-3.6973323
-1.7776997
-2.5471833
-1.5770427
-1.5912739
-1.108279
-0.6161226
-1.4625272
-0.38122693
-0.022077445
-2.2990544
-1.8498598
-2.7883426
-3.1589913
1.6043637
-1.9404069
-1.5954706
-2.9697554
-1.2150961
-2.6547004
-3.2958822
-0.083858001
-4.7673007
-1.6446967
-1.9614934
-1.8738064
-2.5745146
-0.30605161
-1.4539185
-1.1801215
-0.14700185
-2.9695446
-2.3688421
-0.45911112
-2.6443032
-2.8289324
-2.562121
-2.0091047
-2.1506705
-0.47491432
-1.4690149
-1.6349425
-3.6520253
-0.95163476
-1.3884635
-2.8939951
-0.41390183
-1.2704079
-1.59203
0.72694693
-3.3599271
-0.90395257
-0.99236438
-0.86304927
-2.0169288
-4.0452448
-2.9713801
1.9406682
-1.9250871
-0.57385593
-1.650676
-0.97808646
-1.7318771
-1.7242449
-1.225265
-2.5562539
-1.6166431
-1.8572085
-3.7318046
-1.0751511
-1.9407925
0.12714822
-1.1343035
-0.34264912
-1.1726693
-1.3632188
-2.6441972
-3.4960332
-2.1401665
-2.8084366
-1.7343542
-0.9993968
-2.3604149
-0.88051627
-0.22917711
-2.2309895
-2.0115507
-1.3795735
-1.2714812
-1.4913872
-3.2606779
-2.6173199
-2.6481079
1.4139773
-3.4692793
-2.2060594
-2.6262498
-3.9954539
-3.898395
-1.4203788
-1.9648903
-2.5014944
1.6098376
-2.3132234
-1.4261179
-0.98408416
-0.87390876
0.59444591
-0.36574342
-1.6770129
-2.9774263
-2.8912803
-2.3084587
-1.1135923
-1.6952705
-3.8679257
-1.9199866
-3.4338879
-2.5692513
-1.4777941
-2.3483351
-2.7621526
-3.1020171
-4.2405861
-0.98376175
-1.7501311
-3.4177838
-0.53888684
-4.124524
-1.6026628
-1.0728915
-1.0752188
-1.0395545
-2.5540437
-2.6310071
-0.70747918
-1.9690527
-2.2972445
-2.007459
-2.2322863
-1.6356349
-0.31836932
-1.5317446
-0.23830591
-2.7596791
-1.7405977
-2.218269
-2.5328748
-2.2687523
-2.0375024
-1.6405466
-1.4692445
-2.5135458
-2.9497121
-1.6473586
-2.1245344
-2.5065857
-2.7616574
-3.0527001
-1.7491519
-2.75106
-1.3253345
-0.0015523032
-2.148665
-2.1557989
-2.4172051
-3.5939614
-0.29530386
-2.139882
-2.38666
-2.8830457
-1.2948706
-2.1892407
-1.5541801
-2.3063278
-1.3047314
-0.23719738
-0.64675795
-2.2993504
-1.4533058
-1.4993802
-1.7509018
-1.7681066
1.7886737
-2.2658569
-1.3087677
0.55477747
-1.2325737
-1.2733001
-1.061715
-1.158356
-3.0742676
-0.84618323
-1.0795994
-2.4983123
-3.248636
-4.016344
-0.52895386
-1.5254162
-1.1610214
-4.0983058
-0.59022583
1.2833156
-2.6646565
-1.3105971
-2.4369073
-2.5329586
-2.8554799
-1.424533
-0.93678574
-3.0882614
-1.4378668
-1.9634204
-1.0350369
-2.1822764
-2.064537
-1.8902919
-2.6787431
-1.8352297
-0.92747521
-1.0776648
-1.3977317
-1.7857102
-3.5445869
-3.5135419
-2.5195279
-0.27784026
-2.6706776
-3.9056407
-0.5964016
-2.3033341
-2.2342863
-2.9310576
-2.8232931
-3.8685426
-1.1094085
-1.8579704
-1.417727
-2.4593767
-3.0838599
-0.76618274
0.92069122
-1.5332119
-2.6379925
-2.2427945
-2.1393843
-1.5283445
-2.4088895
-2.064923
-3.3106493
-3.0734569
-2.3817572
0.30579064
-2.433655
-2.0138207
-1.6573573
-1.9765822
-4.3479701
-3.2957276
-1.7702663
-2.0586921
-1.0207538
-1.9444853
-1.5269263
-0.82609778
-1.3481163
-2.1621345
-2.3504525
-3.6306828
-0.37017618
-1.9435642
-3.9831701
-3.6404661
-0.65864512
-1.663943
1.9454914
-2.3030562
-1.6543432
-1.6953044
-2.2803498
-1.1479526
-1.4033673
-2.4276006
-0.78715989
-1.957182
-0.90744574
-1.1789034
-1.5615875
-1.1043106
-1.5067113
-4.0831442
-1.2999795
0.77111496
-0.25549646
-1.2663555
0.019601816
-4.0203116
-0.33464899
-2.9604976
-2.4591445
-2.158479
-1.2338944
-2.8245559
-2.0642436
-3.0818679
-2.1129178
-1.3037477
-2.0211024
-2.0503079
-2.9141068
-0.68088728
-1.2832441
-0.76336417
-1.3410431
-1.7422493
-2.2960982
-0.80106408
-2.987369
-2.2586239
-1.8712253
-1.981818
-1.1872035
-0.68622167
-2.7958126
-1.4480053
-1.0357953
-0.24332859
-1.9460702
-1.4103711
-2.1211631
-0.90203031
-2.3540684
-1.9559528
-2.3798004
-0.70169712
-2.8379016
-1.1635513
-1.7889465
-2.1861694
-1.7356067
-2.5690307
-1.8586913
-3.4573904
-1.4134346
-2.0257278
-2.7686635
-2.9576006
-2.7554523
-2.0607806
-1.8574381
-1.9644094
-1.5128817
-1.0775951
-1.6277242
-3.003452
-2.4683151
-2.8894198
-0.44790924
-1.2189501
-0.65490131
-0.49575507
0.10697529
-1.5016048
-3.4192211
-1.195726
-0.93195673
-4.070375
-2.1416265
-1.7324591
-1.7381463
-2.1127397
-3.2464056
-0.67971391
-0.92853018
-3.3706777
-0.4783269
-3.6860358
-1.6699359
-1.8549472
-2.9027377
-2.7844853
-2.1827827
-2.276122
-1.510879
-0.86363975
-1.6558464
-1.7682313
-1.7492855
-1.7074167
-2.7928173
-1.6718818
-0.18366612
-1.646392
-1.4810032
-1.7773435
-1.4275276
-1.4445342
-0.90940972
-2.0592667
-3.4088637
-3.390832
-1.0222062
-2.6024313
-3.4316626
-1.6476396
-1.698876
-2.3062295
-0.41083541
-2.7576197
-0.38717221
-3.045574
-2.2425813
-1.1315423
-2.4815764
-3.1351963
-2.6893818
-1.1871746
-1.4581439
-3.8867233
-3.7474079
-1.2034514
-1.2168425
-0.70470488
0.028178053
-2.0563053
-2.6015076
-2.1791341
-2.0747381
-2.2466514
-1.9546438
-2.7050399
-2.2501045
-2.4160719
-0.7618688
0.082115278
-1.5191885
-1.4542189
-1.981172
-2.9836987
-2.8856649
-2.0933733
-0.59420239
-2.6024462
-2.1553589
-1.5407247
-4.031752
-1.3134629
-1.8643117
-0.76296226
-2.7289534
-0.77239959
-1.5487109
1.6793099
-1.1027777
-1.1578218
-2.5480197
-2.7005334
-1.8121973
0.77841446
-1.9751824
-2.0979331
-0.32283161
-2.0980311
-1.4528101
-1.5613279
-0.15936153
-1.3235691
-2.422544
-1.5640546
-1.4022909
-2.0142847
-0.30896137
-2.4899852
-1.2835467
-1.6771893
-1.8444865
-2.0935894
-1.5208942
-1.2927537
-4.3789621
-2.3023326
-3.3397419
-1.3623663
-2.5832123
-0.87918943
-1.7710005
-0.9429519
-2.4189115
-3.1008837
-2.1982527
-3.3539377
-1.042961
-2.3166577
-1.7098903
-2.7763344
-1.2310549
-1.6618751
-1.6365186
-0.84670957
-1.587084
-1.9560633
-1.2959224
-1.5393505
-1.4314753
-0.32077367
-2.5786005
-2.4934613
-2.1740431
-1.4711775
-0.88172405
-1.7097053
-0.98579963
-1.6966144
-3.5972542
-3.0762698
-2.8237205
-2.7093097
-2.1740574
0.23110061
-3.0519663
-2.0734421
-3.054021
-2.9044527
-2.6918215
-1.6206843
-2.0111633
-0.20866471
-0.89002896
-1.404203
-1.2800614
-1.8807509
-5.0853831
-2.3520322
-2.8714971
-2.1418612
-1.4718082
-2.2482458
-3.165001
-2.4306664
-1.7466577
-3.2960826
-2.6190675
-2.4094245
-1.7113879
-1.9334799
-0.70352285
-0.61254785
-1.0147387
-2.1320974
-2.7567335
-3.6044474
-1.5647008
-1.4849118
-2.632224
-1.4587
0.36085792
-1.8185974
-0.75077044
-2.0515491
-1.7029684
-1.5399819
-2.0464029
-3.1951289
-0.022077445
-1.8979382
-1.4726872
-0.95750179
-2.0213161
-1.9937112
-2.3459323
0.88125064
-2.0962541
-2.7327694
-2.7543672
-2.7768271
-1.936547
0.047338583
-3.146384
-1.827927
-0.61489932
-2.3731081
-3.8134596
-2.5419429
-1.2188951
-1.0832772
-3.1651642
-0.62909053
-0.25419744
-1.4518794
-1.3647131
-1.6586782
-1.2501719
0.002939486
-0.99622509
-1.6100077
-0.53463125
-1.4021711
-1.5295101
-2.6217938
-1.8122233
-2.5820284
-3.0953239
-2.7147834
-0.59440616
-0.053570784
-1.6699001
-2.1341872
-2.1386313
-1.3418687
-1.7809607
-2.2646063
-2.503978
-0.51922068
-0.83706633
-0.43016786
-0.33781632
-0.54181465
-1.7405346
-1.7683389
-2.2177276
-1.9365265
-1.4632994
0.58548419
-1.7606776
-1.0463546
-0.65529602
-0.68664062
-0.82409552
-2.0708433
-2.44138
0.16193605
-1.3417934
-3.3433195
-1.081576
-1.8794287
2.1284889
0.54300351
-2.4651363
-1.2667012
-1.1124069
-1.5496428
-3.522809
-1.9696396
-2.1886497
-1.2289074
-3.1293917
-0.75764933
-1.0022229
-2.2960127
-1.7657008
-0.85523189
-1.3381655
-2.4176128
-2.2787588
-1.0795109
-0.49953907
-2.6743935
-2.3152313
-1.2419895
-2.7446824
-2.989866
-1.3105406
-2.3655093
-3.08931
-1.8583508
-1.1704412
-3.0947372
-3.5300336
-1.86325
-2.2192913
-2.9745485
-0.90480723
-1.8884301
-4.6188927
-1.0792608
-1.1479989
-1.3953481
-1.6626014
-2.569211
-1.0649858
-0.26084747
-0.53655965
-2.2241561
-0.65654841
-1.4620955
-3.2839496
-2.686721
-2.1352198
-0.95272887
-1.5970331
0.4038724
-3.9716746
-1.5605993
-1.9577338
-1.2559851
-1.837335
-2.8297495
-3.5386446
-2.3590112
-1.4103611
-0.50261821
-1.6822276
-1.5058933
-1.1795588
-1.0998704
-2.0255885
-3.0058946
-1.5094215
-1.3138869
-5.9742817
-1.0738174
-2.2349882
1.4124746
-1.4780486
-1.6691575
-1.1316085
-2.3730314
-1.7600466
-1.1134359
-2.4275245
-1.0721179
-2.3574619
-2.7809521
-2.0292944
-2.6965753
-1.0559573
-2.1831034
-3.2261985
-2.570564
-2.1981045
-2.1380936
-0.86735412
0.07160739
-3.0340776
-1.1375549
-3.4068486
-0.55523708
-1.5859396
-2.1163652
-1.5940217
-1.4904678
-2.5749279
-1.2703414
-2.0565343
-1.8260018
-2.9589207
1.0088187
-1.6206982
-2.4702025
-4.0589641
-1.6755057
-3.345336
-2.4149793
-2.7981041
-2.1735792
0.33768498
-1.1839312
-1.0574495
-2.8962389
-1.5777832
-1.3207944
-3.0939825
-2.6654329
-2.8615581
-1.9413305
-1.9522307
-2.3312216
-5.3584546
0.59529086
-2.4620882
-3.0612182
-3.1422641
-1.215191
-2.798709
-2.0519606
-1.2434588
-1.0880756
-1.4093897
-3.1353056
-1.8387522
-1.4991624
-2.6923075
-0.15500538
-0.94626436
-1.7102819
-1.1551963
-3.4562629
-1.8965664
-0.082765127
-2.2206102
-0.71225156
-1.2743926
-1.1489049
-0.39894058
-0.92415965
-3.0889896
-2.8400637
-1.4227222
-2.3750566
-0.60627587
-1.8598313
-2.7468468
-0.78849235
-0.54215438
-1.9830425
-1.6304656
-1.8737324
-1.0568738
-1.5598764
-1.2585176
-3.5131279
-1.8963862
-1.7718997
-1.1605773
-1.8967271
-3.3224339
-2.4226967
-3.1668671
-2.7343876
-2.076223
-2.5874594
-0.39065811
-2.0498098
-1.3261639
-0.46455489
-1.8633583
-2.1413192
-1.5747792
-1.499221
-3.1266714
-1.7234244
-2.5521839
-1.7802858
-2.674175
-1.1377951
-2.1549987
-1.402876
-2.7591548
-1.5071363
-2.2898906
-2.0205791
-3.4171978
-1.0353488
-1.7362491
-2.1006617
-3.0243199
-2.0622104
-2.0958127
-2.0402352
0.7150358
-0.37087947
-0.46603252
-2.2044934
-0.80196788
-2.0605335
-2.9091151
-2.9273102
-2.3950955
-3.4365698
-0.58857343
-2.272274
-1.2596828
-1.649196
-2.2581863
-3.7282878
-2.2509792
-0.092166751
-1.8442152
-2.344937
-0.79087857
-2.4512881
-1.8231694
-2.9422257
-1.359619
-0.63578593
-2.4701903
0.34934041
-2.5603186
-0.53646268
-0.059564144
-0.82086397
-2.4020462
-4.5232751
-1.8227334
-1.6860214
-2.3820216
-3.3950518
-2.004374
-2.2563772
-2.8364655
-0.49715961
-0.215119
-1.5419613
-1.54229
-0.079906802
-2.7672314
-0.36820818
-2.027062
-3.344834
-1.5245554
0.10469967
-1.5176669
-1.6475422
-1.7649496
-0.16779881
-1.3809632
-1.6601312
-3.0713826
-2.5186261
-3.0319325
-1.4915956
-2.3111046
-2.4087169
-2.4632081
-0.41473495
-2.7196223
-1.5170813
-1.799619
-2.8667267
-1.4740713
-0.74126193
-1.4582709
-3.4638644
-2.94254
-4.5982398
1.3790016
-2.1056667
-2.5905333
-2.2644284
-1.9597785
-2.1380079
-0.90307509
-0.93632103
-4.1940395
-2.0345314
-0.87528743
-3.2097614
0.61598257
-0.89749682
-2.0268301
-1.9294342
-2.8565102
-2.4247311
-1.5738814
-4.0829767
-1.0370778
-0.94004543
-3.1414941
-0.73113303
-3.4611582
1.1984975
-3.1115702
-2.9474609
-0.16323101
-1.0826604
-1.5849743
-0.55557753
-3.2808472
-0.86307568
-2.9220512
0.50595611
-2.6127415
-2.8973222
-1.8671262
-4.0541898
-1.4131328
-2.4543521
-2.9413284
-1.4824025
-0.37230054
-1.2466729
-1.5744089
0.39749599
-2.9640855
-2.7982694
-0.50431877
-1.9386994
0.2773166
-0.31475727
-2.8169434
-2.0000367
-1.0146178
-2.5806889
-3.3420724
-2.9141901
-1.149947
-1.0049882
-3.2771102
-1.9511903
-3.244855
-1.6959861
-1.2415686
-1.9301271
-2.6794131
-3.0479186
-1.3687389
-1.885581
-3.4891637
-3.0380929
-3.6331876
-1.2529131
-2.6815867
-3.3076209
-2.9761805
-1.9548074
-1.9642247
-1.2251218
-0.76652388
-2.7423556
-1.9616397
-1.3767491
-2.5481437
-2.6611333
-3.2300576
-1.5245554
-2.9676475
-3.4776708
-1.3265479
-3.7493927
-3.3630002
-2.2412702
-2.2125584
-1.3859964
-2.1834029
-2.272867
-2.0208077
-1.7019504
-2.3725667
-2.0337614
-1.0898447
-1.4877249
-1.104982
-0.87030189
-2.6703159
-2.1683661
-1.1473616
-1.7567042
-3.2932702
-1.6672092
-1.4834921
-1.2763883
-1.7334982
-2.4661361
-3.40456
-1.6640776
-0.93263759
0.19763015
-0.21882414
-2.4236006
-0.95802692
-1.0005084
-2.5908777
-0.9997756
-1.3181886
-1.8953047
-1.1733563
-2.263359
-1.4248485
-3.6024152
-2.2882279
-3.5109476
-2.3964266
-2.9849254
0.61419082
-2.1876124
-3.081804
-2.8239288
-1.8536298
-1.321324
-2.1102429
-0.61682396
-2.653028
-0.80121875
0.95352916
-2.530588
-1.4763157
-1.4705144
-1.3537752
-2.9352403
-1.9067022
-1.2990976
-2.5253884
-2.9061542
-3.0603235
-1.6395758
-2.3138493
-1.4833696
-0.74248865
-2.9467326
-2.7476982
-1.9306816
-0.8270038
-0.29256776
-3.0987644
-3.2384549
-2.367388
-2.3098736
-1.3811383
-1.8973421
-1.0016142
-2.2007374
-2.6636017
-1.1024663
-1.623726
-1.7682402
-0.7531208
-2.237148
-2.9734257
-2.3223328
0.1645866
-3.8429618
-2.0049587
-3.1550438
-3.074689
-2.6928264
-2.079161
-2.2241019
-1.0516028
-1.5366662
-1.4894811
-2.960181
-0.71584023
-2.3516077
-1.6207043
-1.0351544
1.0665951
-2.6539312
-0.37242226
-1.3410931
-2.7250462
-0.7185375
-3.331738
-1.9129111
0.00037710733
-0.58515116
-2.3723874
0.50223115
-2.7082686
-2.7892841
-1.7261654
-1.7774773
-3.3397802
-3.1399775
-0.60158535
-2.0732225
-3.2472403
-2.8006242
-0.9950731
-1.8530255
-2.1817826
-2.8247208
-2.4460618
-0.8868491
-2.4481437
-2.4881602
-2.6943592
-0.69681218
-0.82844661
-2.2799707
-2.4174791
-2.4143023
-2.6948551
0.34558156
-2.412301
-1.7254012
-2.2240625
-1.7855851
-2.1715095
-0.3325701
-0.85337709
-2.0451093
-4.0037806
-3.492511
1.0536437
-1.5992299
-1.2292824
-0.1288171
-1.5106899
-2.7073616
-2.3046888
-1.0856704
-2.0676821
0.049989843
-3.5072828
-0.82409552
-1.2798436
-0.40926692
-1.3933388
-0.099667552
-1.1582438
-0.75786853
-2.2979551
-2.1134131
-0.89572128
-0.96787539
-0.76869889
-1.236946
-0.47955639
-2.6364296
-0.13229091
-2.1026755
-1.7713212
-3.3544385
-1.721605
-1.9239313
-1.7912653
-1.7299736
-0.54095017
0.51575279
-1.5858736
-1.4757925
-1.2705648
-2.6608749
-2.8366094
-1.5099063
-0.60867325
-1.5620758
-1.413016
-2.4302841
-1.5105768
-1.7697127
-3.0339823
-3.4848913
-0.82007059
-2.2356961
-1.9301232
-1.670998
-1.4717971
-3.3526873
-3.0466998
-1.8038559
-1.5357217
-1.9034127
-0.68434741
-2.7146349
-1.1251836
-0.55031955
-2.5837601
-2.724921
-1.3769683
-2.5165875
-3.9792195
-2.0745056
-0.82681092
-1.8454824
-1.3345042
-1.885351
-2.2382213
-1.646468
-3.1637905
-0.15399975
-1.9250084
-1.862247
-0.91035344
-2.5784341
-2.3750071
-2.3020178
-2.4659855
-0.51531364
-2.3298621
-2.2128682
-2.9481218
-0.6221724
-3.5631811
-1.9657525
-3.364751
-0.98274707
-1.8399571
-1.6612999
0.74758049
-2.7416558
-1.1982662
-1.7795106
-1.3461727
-2.0267531
-1.1199806
-1.7283489
-0.49174677
-0.55643936
-1.6492344
-2.9132023
-2.716378
-3.0237464
-2.1477924
-1.9944304
-1.2707968
-3.4778271
-1.1894169
-3.3157425
-2.7898467
-0.89501219
-2.4992268
-2.1211033
-1.080879
-1.9840508
-0.47334836
-1.6732462
-1.8643685
-2.3463708
-1.9732938
-2.0521277
-2.055788
-1.2264995
-2.2586435
-2.2951526
-0.3538726
-1.0366713
-1.9270808
-1.6644555
-1.5237763
-2.2872578
-3.2458477
-0.90791673
-0.79922502
-2.7054616
-0.0059059534
-1.6975437
-0.43754319
-1.3852743
-1.3163696
-2.4212122
-2.9172958
-0.88596304
-1.746295
-1.9477451
-1.8893936
-1.1512264
-1.2763613
-3.7285479
-2.6305153
-2.2731845
-0.96752441
-2.1514243
-1.3613117
-0.77594381
-0.9492405
-1.9251475
-3.6503102
-2.8340717
-0.44953705
-0.66307545
-3.1123313
-2.1552948
1.3992659
-0.24653569
0.87105057
-3.6660323
-1.9053039
-2.6142284
-1.6554621
-2.5564458
-3.35327
0.63802896
-1.6787946
-0.7767062
-2.1629216
-1.5108029
-2.748145
-1.9058648
-2.3459017
-2.4943343
-2.2258716
-2.2767554
-3.0290882
-1.5399768
-2.1071121
-1.8362318
-1.1954224
-3.5518
-3.1425659
-2.8013945
-1.8502569
-1.5565306
-1.6131101
-1.5958991
-3.2908248
-1.9565757
-1.6615815
-1.4662606
-1.479993
-1.7699115
-2.3418298
-1.493011
-1.6226358
-0.31298566
-3.7829634
-2.773999
-1.9460648
-1.1724301
-3.492511
0.04872287
-2.4135719
-3.061597
-2.5102135
-1.014858
-1.3276985
-1.8969097
-1.754125
-3.485639
-2.6113666
-1.4920427
-1.5573336
-1.7919083
-2.8642302
-1.2702102
-0.39440179
0.35384396
-2.01379
-3.2120644
-0.35870901
-1.1942964
-2.3525652
-1.2005459
-0.72309763
-2.8003869
-2.2431113
-2.9092688
-1.539042
-1.2104323
-3.3750213
-1.3032121
-0.60497876
-2.2504492
-0.89940982
-2.8235567
-1.1614573
-0.93769091
-5.4061892
-3.1301885
-2.5780362
-3.1769203
-1.0033799
-1.4851212
-2.5826269
-2.2179304
-1.1009821
-0.65412104
-1.6822002
-3.5568618
-3.0777613
-1.7582478
-0.39185086
-0.56091527
-2.1675532
-2.3379431
-2.2523987
-1.3199225
-1.0505864
-1.756597
-1.0151734
-2.1891429
-2.7055054
-3.0991178
-1.9751498
-2.8316194
-2.6759676
0.53458908
-1.4911731
-1.9049791
-1.4126155
-1.1482626
-1.8941388
-3.7838736
-1.9061142
-1.7256214
-2.9424479
-2.6104824
-1.6408736
-0.099989503
-1.8478424
-2.8147817
-1.4728028
-2.4277098
-1.9835526
-0.79081058
-0.36706281
-1.9961468
-1.4760563
-5.7076009
-2.1835332
-2.3921092
-0.6605587
-3.1278576
-2.0175095
-0.21572554
-1.8641443
-2.4692296
-3.4649706
-2.9334704
1.8002572
-3.1783701
-3.1347722
-4.3018425
-1.7834227
-3.2797083
-2.7762951
-2.5414728
-1.4320896
-0.20092133
-3.1088867
-3.4395503
-1.6153386
-0.68551194
-3.5133973
-1.6008982
-1.5901274
-0.047155216
-2.5507892
-2.6997428
-1.356652
-2.2927615
-1.5727835
-1.1566552
-1.8574423
-2.7160239
-0.19967675
-1.0932794
-1.7905266
-1.7039006
-2.1981034
-2.3135465
-2.0875313
-2.3046643
-1.2150204
-3.0525494
-3.7003798
-1.8618158
-0.94374231
-0.69414177
-2.0277253
-1.1031456
-0.30336135
-0.81666748
-1.3816352
-4.7073056
-1.1938289
-2.7282715
1.0006465
-3.0273281
-0.66486666
-1.9855176
-4.9382481
-0.75483608
-1.1825646
-1.4852837
-2.547092
-1.61363
-3.1030355
-0.85783881
-1.9983797
-2.2084078
-1.687883
-1.3258477
-1.9838911
-1.4877393
-1.0520069
-1.2827785
-1.6963511
-2.6445822
-1.6505787
-2.8931062
-2.0018608
-2.5778896
-3.5138969
-2.1723973
-0.79779011
-0.8062438
0.35725422
-1.2388272
-0.29508086
-0.90494895
-3.4728564
0.19568701
-1.6799329
-3.0361373
-1.8686527
-1.8054889
-2.2314221
-1.4701145
-2.0339027
-4.2371684
-0.97513589
-2.8141868
-2.7412582
-4.085469
-1.212984
-2.2431113
0.10760366
-2.7997968
-0.8386575
-2.5249232
-2.8458517
-1.9364965
-1.1601689
-1.1146889
-3.8140312
-1.3434605
-2.7119358
-0.65337032
0.23186082
-1.6957873
-2.6604486
-2.5310985
-1.1896339
-0.93161508
-0.41112145
-2.8146238
-1.2886992
-2.1660805
-0.68567312
-1.7261654
-1.9691319
-2.1768057
-1.9008692
-2.7798396
-1.5045625
-0.97120256
-3.728783
-1.3381078
-1.9047198
1.0129321
-2.3117905
-1.8894863
-2.3937826
-2.3177943
-4.4539365
-2.6324075
-1.5802677
-1.8273318
-3.1283031
-1.9819765
-2.3376085
-1.4597858
-1.8470282
-3.2911748
-2.9393438
-3.7644688
-1.6246137
-1.0990646
-3.946365
-3.2200134
0.9622732
-2.9053786
-2.5366113
-2.805911
-2.2962727
-0.97415238
-1.1113215
-3.0212057
-2.7677733
0.45962878
-2.6600253
-3.2324926
-0.65702694
-2.0838295
-2.4875562
-2.3839355
0.30096447
-2.0104694
-2.8280647
-1.4273929
-0.4591443
-1.3117258
-0.96541826
-1.3722616
-0.83605558
-3.183891
-2.0170481
-0.58390445
-1.1858657
-3.2454796
1.7788708
-0.022249981
-1.7351355
-1.7943889
-2.2006305
1.4367638
-0.62107153
-2.510441
-1.5523178
-1.7165296
-1.9801656
-3.2104563
-2.1572187
-1.8087454
-2.1269393
-3.8867096
-2.1523395
-2.7119486
-1.5080137
-2.2104373
-1.7927617
-0.97344042
-2.0074631
-1.310333
-1.4335211
-3.6080509
-2.1735409
-1.1317383
-2.1168595
-1.9656725
-1.900428
-1.9864706
-1.1858926
-2.6331728
-1.5702758
-3.5802213
-1.0338973
-1.6071179
-1.5499805
-2.1172082
-1.895969
-2.5677153
-0.065571596
-1.0662821
-1.709636
-1.9938871
-2.7765504
-0.93684083
-0.46758448
-1.3441012
-1.5980449
-1.4448404
-2.1946875
-2.0973938
-0.87994496
-1.5529721
-3.7119522
-3.5887197
-3.0432131
-0.80357725
-3.2060441
-3.6719009
-2.7059134
-0.28900375
-2.8713924
-2.8490489
-2.3337314
-1.4537195
-0.85743327
-1.8632048
-1.1396978
-0.67052247
-3.1570159
0.34582022
-2.2784732
1.1440609
-3.4213286
-6.0179593
-1.2400992
-2.6880276
-1.3287068
-2.1742218
-1.3557911
-0.86781025
-2.3017705
-0.44034268
-1.5324681
-0.64421499
-3.0064874
-2.2554631
-1.5456551
-1.3096966
-1.9500151
-0.95753657
-0.64738988
-1.8072618
-2.0854599
-3.6906669
-2.349671
-3.1113899
-0.028147278
-2.2876321
-1.7086731
-3.9240203
-1.1898386
-2.2470834
-2.5930499
-1.8983189
-1.0210397
-3.5635637
-0.21690256
-1.1820628
-1.3758357
-2.3758099
-1.6780876
-1.3267006
-2.5901576
0.80299284
-1.1183011
-2.1612613
-2.7064223
-0.4786825
-2.3370582
-2.8730596
-1.1923688
-0.91648177
-0.035947183
-1.5804457
-1.8656001
-2.504234
-3.107369
-0.62021048
-0.93983285
-2.9673736
-2.2994759
-1.7170421
-0.95379429
0.057691654
-0.56908636
-2.9924202
-2.7226088
-3.7490152
-2.1675789
-1.9712819
-0.47378155
-1.687437
-3.6877529
-2.4440465
1.93857
-2.109076
-1.6234081
-1.114308
-2.1996063
-3.4749682
-2.4996928
-0.35937499
-2.1700302
0.26073192
-1.6928494
-0.77147893
-1.4024959
-1.9643984
-1.5907373
-0.39723525
-1.1992248
-0.49065242
-2.1260351
-2.5291744
-2.7736415
-1.5160788
-0.92228031
-2.174259
0.25223303
-1.9062055
-0.88170833
-1.5255645
-1.2596733
-2.479644
-2.5199307
-0.72580718
-1.9852978
-4.2153501
-2.9867224
-2.4903186
-1.5701695
-0.87973263
-2.7650129
-0.32818245
-2.4459522
-2.5789479
-2.049336
-2.2714285
-2.0187829
-0.99999996
-1.8371824
-1.4627322
-3.7264639
-2.1075922
-1.5912285
-0.53100377
-1.3125527
-1.809802
-0.76936108
-0.60911763
-0.71749102
-3.1479969
-3.1453956
-1.8066441
-1.782423
-3.1474633
-2.5975538
-2.3476537
-1.2062886
-1.3441557
0.37552761
-1.5345723
-3.6788891
-0.97174831
-3.0692041
-1.9237907
-2.3548251
-3.3505124
-1.9834165
-2.1736713
-1.8223737
-1.3051984
-3.7753495
-2.4648927
-0.69668616
-3.1456728
-2.3156332
1.1943815
-2.0339143
-0.35456223
-2.2836941
-2.0716034
-1.3622982
-2.5475337
-4.0297448
-3.5947934
-0.83498383
0.016201975
-0.45934469
-1.9192686
-2.9030667
-1.3779332
-1.7697642
-3.1862102
-0.56931559
-1.1987543
-2.5720251
-1.4460078
-1.6913399
-1.3102082
0.02425482
-3.0344013
-0.71802224
-2.2387021
-1.9326391
-3.975704
-1.8823632
-0.88168063
-1.4041952
-2.9697864
-0.84469748
-0.70957362
-1.5885775
0.88411092
-0.96840504
-1.0258371
-0.66594184
-2.7462869
-2.6913244
-0.64525696
-2.6954484
-3.3185781
-2.03428
-0.98906276
-1.4655271
-1.9532877
-2.4625032
-0.74975678
-2.7290199
-2.0966902
-2.3145231
-1.5815488
-0.56434534
-3.6701166
0.42367267
-0.72634631
-2.0928598
-1.5883456
-2.8103066
1.6402144
-1.2532078
-3.3853089
-1.7511709
-0.78283541
-1.4359263
-0.90487995
-1.586426
-1.973146
0.25547592
-2.4104444
-1.1650233
-2.0470764
-1.6021778
-3.8734364
-2.5839431
-1.9699464
-2.8723558
-1.596046
-3.9374157
-2.1645958
-2.3959803
-2.9030186
-1.1172775
0.49786575
-2.2178485
-1.9347208
-2.3978846
-2.2745223
-1.7531605
-4.2073727
-1.4551208
-1.0875409
-1.8494682
0.83870232
-1.2964116
-2.6152448
1.2761394
-2.4872402
-1.8897876
-1.9144757
-1.4414638
-1.9246392
-3.5377937
-0.80820367
-1.9935916
2.6562639
-0.20709423
-2.5491329
-2.8559627
-0.91685258
-2.8914952
-1.6843132
-2.6768023
-2.2497814
-1.5843389
0.32152475
-1.7039299
-2.2279025
0.075051548
-4.1231385
0.50530537
-1.6294282
-1.5429237
-2.3738076
-1.4813078
-0.36457893
-0.79729619
-0.67707524
-2.106444
-3.2331886
-0.98163776
-2.9156046
-0.71426438
-1.0585213
-1.1142643
-1.6097694
-2.9836717
-3.0391253
-2.0495278
-1.7153547
-1.1146556
-3.4030806
-1.411255
-1.1428691
-2.4768144
-1.0021711
-0.33528807
-3.2028978
-1.3747097
-2.958756
-1.0782768
-2.1099822
-2.7190859
-2.3457094
-1.2257668
-0.90854176
-1.9365046
-0.30113177
-2.4363111
-5.2911254
-1.5763702
-1.6929608
-2.2718889
-1.8617525
-1.2557687
-2.6725524
-0.48185315
-1.1438021
-1.8920474
-1.1414229
-2.0776258
-2.0400332
-0.24534664
-1.780648
-0.81443934
-3.720668
-1.6646987
-2.7873005
-1.9916353
-3.0212106
-1.0411641
-2.8960306
-2.8598962
-1.6865374
-1.2021673
-4.1370398
-2.7589821
-2.3124183
-3.0386109
-2.9101771
-1.9349612
-1.5275025
0.10784878
-0.20766719
-3.8702452
-1.9460242
-2.1077931
-4.1744219
-1.1164464
0.52403006
-2.4740497
-3.1956781
-1.7757544
-2.259606
-1.6680108
-1.4916716
-1.4425669
0.4366484
-2.7373722
-1.3284191
-1.889631
-0.67606547
-2.5895563
-1.6240313
-1.3937081
-4.5705569
-1.5930883
-2.8316899
-1.4357791
-2.4009066
-1.974288
-0.61439914
-0.83126479
-0.72829336
-0.81642174
-2.9189363
-1.2478973
-2.2235715
0.25915057
-1.8515915
-1.5462726
1.0130829
-2.3441836
-3.2931497
-1.6105942
-1.9168766
-1.3290655
-0.28738677
-2.2383001
-1.3588107
-2.2249622
-2.8828331
-1.8839221
-1.2865781
-2.4260764
-1.4667787
-1.5683206
-2.7527366
-2.4645216
-1.5902955
-1.9508129
-1.0895794
-0.005285917
-1.2752845
-0.77709924
3.1097607
-2.4370165
-3.4319434
-2.048543
-1.9209367
-1.4313581
-0.55636272
-3.6340377
-2.6302395
-0.61056903
-2.0916725
-1.8665155
-1.8929405
-2.0903408
-3.9450488
0.8986852
-0.96717746
-1.1432338
-0.035462778
-2.1814416
-1.7633815
-0.66345729
-1.6339998
-2.0711845
-0.59378838
-0.77119419
-0.97718904
-0.33884149
-1.2392469
0.92326913
-1.1152318
-2.0549921
-2.8404497
-2.0793639
-2.487746
-2.3705673
-1.1987237
-0.51419967
-2.8673449
-2.1623442
-1.4323096
-3.7103109
-0.77965085
-3.6768018
-0.98244516
-1.5691833
-1.6591937
-1.8795219
-1.1687118
2.0177814
-3.2457939
-2.3823668
-0.17660341
-1.7854718
0.99525353
-2.6123608
-1.3875494
-2.7161681
-0.85070059
0.06842437
-1.9100878
-1.1636236
-0.840514
-1.8888125
-2.946852
-1.0915414
0.32005926
-2.5527932
-2.0086712
-2.4401207
-1.5321262
-1.5500387
-0.73764001
-3.0539612
-3.080106
-1.4614183
-1.9773044
-5.6036234
-1.7782596
-2.6887455
-2.018831
-2.3198316
-3.3537464
-1.0099316
-2.739267
-2.1711588
-2.6068821
-2.8698811
-1.4495941
-1.3231942
-3.044046
-0.13416755
-0.61581936
-0.037125645
-1.6357957
-1.046929
-0.55053958
-1.3763295
-0.57467902
-2.7540304
-1.7665163
0.5359923
2.1102054
-3.1705211
-0.99791937
-1.0151339
0.37341242
-1.7382908
-1.7910887
-0.41536542
-1.7860226
-1.2543344
0.41117513
-3.6745965
-1.8277815
-2.0755073
-2.6679055
-1.9099377
-0.19517797
-2.3970939
-1.6969184
-0.65003376
-0.48669386
-3.7674305
-1.4153189
-1.5426195
-1.6457885
-2.1368737
-3.5042144
-1.6739672
-1.2491876
-3.1241726
-2.3190911
-1.1910011
-4.603589
-2.9305032
-1.5060618
-1.5986611
-0.67523514
0.21949507
-1.1899767
-1.7336835
-1.921297
-4.5869323
-1.2683848
-2.1930642
-2.5402809
-4.0780928
-0.64820379
0.60699671
