-1.1064865
-1.1529994
-2.7317824
-1.4354345
-0.54057575
-2.4701145
-1.3775377
-1.4119602
-1.2714913
-1.9684256
-3.4268512
-1.1020019
-2.9266353
-1.9941909
-1.3228253
-0.45265644
-1.492038
-1.8868333
-1.5028001
-1.0454987
-2.080722
-3.4112428
-2.3251631
-1.935252
-1.7082036
-1.9119899
-2.5184844
-0.89583349
-1.7448431
-0.093843579
-2.8764762
-3.35007
-1.1573395
-0.66232328
-2.0033087
-1.1655227
-1.3002511
-2.4462638
-1.5306016
-2.4916637
-0.51720972
-2.4099587
-2.1685009
-0.80910476
-2.3245928
-1.6779111
-0.96651567
-1.248047
-1.7313325
-1.789032
-1.0266655
-0.42686948
-1.9645592
-1.8043124
-2.6335997
0.90377704
-2.3863933
-0.76515826
-1.106477
-2.3316784
-2.6723311
-3.4481261
-1.7137333
-1.5163396
-1.6406871
-2.1661267
-0.94928651
-1.7568528
-0.4972402
-2.1894478
-0.2120135
-3.0313151
-1.8102838
-2.0847969
-2.7693113
-2.2780902
-0.12305754
-3.1248685
-1.902996
-2.0463877
-1.7066733
-2.2021606
-1.5606726
-0.54235145
-0.82749788
-1.5739304
-2.0177779
-1.5066271
-1.1534349
-1.6039983
-2.2747147
-0.63586625
-2.4672168
-1.6971725
-2.5739528
-1.5859642
-1.9101813
-1.8504368
-0.05509346
-0.37004261
-2.5676582
-2.1207065
-2.1177342
-2.292108
-2.3239964
-0.84106468
-2.2538294
-1.9109811
-1.5543558
-1.0265365
-1.1698679
-1.2606788
-1.6088313
-1.5982373
-1.2118289
-1.3711816
0.77446321
-2.1707718
-2.3952037
-2.501391
-1.0006415
-1.3272841
-2.3944441
-2.425583
-1.461482
-0.40629096
-1.4095141
-1.351452
-2.8944944
-1.2930502
-2.3362164
-1.2380372
-1.7650891
-2.5957598
-1.9652612
-2.4198935
-1.4092708
-2.9141213
-0.96667143
-1.3974248
-2.1631362
-1.8498875
-1.7569013
-2.4437486
-2.3974479
-2.6231084
-2.2989959
-1.6745021
-1.2293096
-2.5617246
-2.6222077
-2.1779827
-2.5361741
-2.8034832
-2.0237485
-1.9232489
-1.9221379
-1.2960223
-1.3529467
-2.1266744
-2.8513171
-3.9200647
-1.355516
-1.4315015
-0.43884254
-2.5123305
-1.5726823
-2.4656327
-1.8961645
-1.9763501
-2.2873376
-1.8494233
-1.5661921
-1.1679638
-1.0053035
-2.1869456
-2.6836622
-1.8394331
-1.5615535
-2.4068154
-2.6312688
-1.9319466
-2.1168611
-2.2591996
-1.1621604
-0.25126493
-2.1753585
-1.3298368
-1.7695541
-1.8816597
-2.4001645
-2.009785
-2.7839982
-1.5874043
-2.0829658
-3.0398017
0.7469567
-1.063939
-1.1508002
-2.319691
-2.7842031
-2.1903298
-2.0792206
-1.9187879
-1.4483544
-1.5885033
-0.85551599
-1.5439385
-2.0098135
-1.8504171
-1.600592
-1.4374116
-1.8987344
-0.69348802
-1.3341556
-2.3161988
-2.7572872
-2.5216216
-1.3319079
-1.153569
-2.1825343
-2.5196867
-2.4989424
-2.1688834
-1.6263981
-2.0125338
-0.76070336
-0.48206946
-3.1408451
-1.9893378
-2.2127389
-0.9417134
-2.7026561
-0.70858568
-3.8544919
-0.24541161
-0.039350551
-2.1615669
-1.4453879
-2.0979873
-1.4092763
-2.0223643
-2.4271429
-2.402608
-2.1678674
-3.0545493
-1.6354498
-1.635151
0.49010528
-2.2140448
-1.8907341
-1.7137892
-2.4815644
-2.8910157
-3.1994459
-0.39882143
-0.72622323
-1.7209453
-2.2437038
-1.4679956
-1.8006177
-1.8508424
-2.0791687
-2.4494489
-0.9620794
-1.0803081
-1.0039579
-2.6500219
-3.2333654
-2.829717
-2.5019905
-2.049187
-0.39697298
-1.7822515
-0.26733217
-2.7586204
-1.5231793
-2.3172207
-1.5558718
-1.75796
-2.095779
-2.1407256
-0.75579522
-1.1371015
-1.6353311
-1.1681966
-0.90786168
-1.2877169
-2.1297894
-0.93216361
-2.0622893
-1.0749646
-1.3022585
-3.2222452
-1.2160575
-1.7247102
-1.40956
-3.0375861
-1.302294
-0.40542076
-0.95103778
-1.5862035
-1.4637028
-1.815995
0.041174421
-1.6910465
-1.7384862
-1.9932734
-2.8278687
-1.0613728
-1.8477537
-1.2634707
-1.4278626
0.095597578
-2.1643113
-2.184656
-2.4771475
-3.3759214
-2.4894264
-1.7079338
-1.3876168
-2.3243209
-1.1756051
-2.4557632
-2.2454092
-2.0315822
-1.4701008
-1.4072971
-2.5782009
-2.0773739
-2.4294063
-0.81674382
-1.2966988
-2.1870558
-2.0524056
-1.8879974
-2.3381098
-2.1230533
-1.3138219
-1.5367324
-1.8736009
-1.2009867
-1.2801911
-2.3619348
-1.4170386
-2.678522
-1.1947669
-1.8185743
-4.062599
-2.0920903
-2.5031361
-1.8917278
-2.1933405
-2.0254806
-0.41427684
-2.5187895
-1.4050632
-0.46632304
-1.4917033
-2.4986044
-0.22830995
-2.3126456
-1.2477647
-2.0862008
-1.3274082
-2.455277
-1.8753855
-1.8698795
-1.9515903
-1.2903919
-1.7839877
-1.7575486
-1.8635877
-1.5669708
-2.0885223
-1.2926776
-1.4615663
-2.0663165
-0.50584727
-2.051316
-1.52688
-1.067884
-2.1225784
0.17539289
-2.0407286
-1.4428304
-2.5500397
-2.0051728
-1.7285457
-3.1703047
-3.05746
-0.82708201
-2.9712854
-1.1544085
-1.3991591
-1.5296103
-1.5597983
-1.0844198
-3.0311319
0.11307481
-1.683811
-2.6044182
-1.8238538
-0.45733366
-2.3273016
-1.1898853
-2.7510425
-1.3404834
-1.1679335
-0.29005306
0.022553722
-1.794178
-2.3891126
-1.738818
-1.5465597
-3.1133655
-2.6565424
-1.7449394
-2.3478757
-1.4834367
-1.5059239
1.0210322
-1.4246583
-1.8467435
-2.2584738
-2.4743631
-1.7204004
-2.3878849
-1.6209912
-2.2630897
-1.9528376
-2.0181231
-2.7240605
-1.5203475
-2.945584
-1.5267537
-1.4345149
-1.5764949
-1.8151889
-1.5477069
-0.9288774
-1.4702294
-0.72788829
-2.3369823
-2.1593561
-1.1067574
-0.76154816
-1.7600551
-1.3170482
-2.0469635
-2.4393668
-2.5761035
-2.3289926
-2.1234171
-3.7342019
-1.9618052
-2.1127881
-2.3648026
-1.2755089
-2.3862559
-0.95639094
-2.6253642
-1.6058831
-1.8650569
-1.924665
-1.1390956
-1.1797032
-1.2356737
-1.9210837
-1.5842104
-0.065628306
-2.5265931
-2.7927528
0.39813331
-1.3742686
-1.0198322
-2.5618526
-1.9077008
-2.909705
-1.2529448
-2.3339122
-1.3201597
-1.879003
-1.5462873
-1.713674
-1.8239919
-1.9210301
-2.7153682
-2.6858834
-2.2214052
-1.7049107
-1.5706978
-2.8731341
-2.5830743
-0.37928251
-2.9332325
-2.5930479
-2.214652
-1.4351739
-2.7558453
-2.7343242
-2.3097292
-2.5457456
-0.65145697
-2.9232242
-2.3553893
-1.2810946
-3.3640197
-1.7371493
-2.5029221
-2.2158405
-2.1944237
-2.899877
-1.2691126
-2.0145108
-2.6859181
-2.9340595
-0.98476158
-1.5547014
-2.3907995
-0.70938247
-1.0005102
-2.616069
-1.1996605
-2.3736106
-2.9785695
-2.1461559
-1.0007835
-2.8740401
-1.675732
-2.7937123
-2.0892057
-0.8847967
-0.53626116
-1.05587
0.18014144
-2.5583292
-2.6360197
-0.65523385
-1.377263
-1.4552898
0.18678897
-1.9505291
-0.94757341
-0.99496015
-3.1216017
-1.6894136
-0.18200231
-1.4421748
-1.2429797
-2.3901
-0.90054196
-1.321454
-2.3938439
-1.8898843
-2.651727
-2.9036417
-2.294018
-2.2565947
-2.0051025
-1.8113791
-3.2581756
-0.99057617
-1.8765048
-2.1376711
-1.7550013
-2.1139145
-1.3919298
-2.1791859
-2.2132119
-3.0663161
-0.85297527
-1.4091019
-0.88505936
-1.5113496
-0.75902403
-1.7172649
-2.2956748
-1.6277846
-1.4168082
-2.0049688
-0.46623946
-0.98593531
-1.4189905
-3.6950417
-1.0473571
-1.1286376
-2.094233
-1.4749261
-1.7570511
-1.567919
0.33575944
-2.1693794
-1.7281781
-2.1796136
-2.580916
-2.9051251
-2.1651957
-2.6502016
-1.2620429
-2.6678042
-1.39766
0.83717762
-1.7245561
-2.2300037
-2.052641
-1.147243
-0.37543895
-1.1067083
-1.8248942
-2.1435856
-2.0806122
-2.8198394
0.0064121633
-0.92487757
-1.8645599
-2.2006443
-2.4506896
-1.8359779
-1.205365
-0.036168648
-0.43665934
-0.27558412
-2.1503364
-3.3148101
-2.0495986
0.52482102
-2.6530114
-2.0367198
-1.9376446
-1.332488
-0.90867631
-2.0132158
-2.1833733
-2.2912058
-0.34635115
-1.4200525
-2.2919022
-1.7745975
-2.3596768
-2.3437697
-1.800053
-2.8653719
-1.7269062
-2.2976879
-1.0134769
-0.97901044
-2.7302762
-2.3635735
0.34052605
-0.97382352
-1.8132766
-2.118687
-2.5509652
-2.2235223
-2.3019621
-2.4558207
-1.8275207
-0.65206881
-1.863151
-2.3462982
-2.1439542
-0.67615554
-1.2029372
-2.2676724
-1.7950606
-2.485887
-1.3073245
-0.82641132
-1.4544729
-0.69204616
-1.9690896
-2.9681346
-0.83526296
-0.97064133
-0.57841784
-2.8775885
-1.7735089
-0.21839146
-1.8686552
-2.0447141
-1.405647
-1.8757292
-2.1985533
-1.8750178
-2.0409912
-0.74545414
-1.4485582
-1.5969032
-1.5226983
-0.8200131
-0.98706082
-2.3094376
0.77981845
-1.2955736
-2.0210456
-2.2933691
-1.8697252
-1.5083656
-0.75951883
-1.2881679
-2.5055486
-2.5261502
-2.3879716
-1.1828224
-2.7424892
-1.941148
-0.29137216
-1.2465275
-1.5960307
-1.9584874
-2.4251447
-1.7420832
-2.2539008
-1.1372877
-1.5257701
-2.1137973
-2.1737995
-0.63982474
-1.6027023
-0.43746258
-3.1985767
-0.92678027
-2.0646471
-1.5544662
-3.3042846
-2.5707575
-0.40519734
-2.8794884
-1.0820103
-1.9286427
-1.5258115
-2.3557079
-2.2111384
-1.765356
-2.0096652
-1.210243
-3.1477049
-2.374638
-2.6441149
-1.9625915
0.70272504
-1.5172497
-2.2055842
-3.0897518
-1.0978914
-3.0766714
-1.981154
-1.6484985
-2.1710481
-1.0179445
-1.6862465
-0.049404373
-2.0828246
-1.885024
-2.0783618
-1.9782421
-2.3239439
-1.7964873
-1.807578
-1.7788327
-3.0761575
-1.9826644
-1.5230497
-2.0619002
-2.1418861
-1.953062
-1.3195987
-0.94165868
-1.2443421
0.83733605
-2.0042932
0.16753226
-2.1100143
-2.8351329
-3.791302
-2.8056202
-1.2003775
-1.3319735
-0.32314027
-2.2355354
-2.9320511
-1.7073469
-2.8591486
-0.49190437
-1.5788248
-1.4691618
-1.2170632
-1.7837732
-1.6398101
-1.9190287
-0.40978153
-1.8530205
-3.4551183
-2.4875747
-2.7289085
-3.2957694
-1.9035239
-2.6363677
-1.998011
-2.2461758
-1.861717
-1.7891717
-1.4163732
-1.186305
-1.2426117
-1.9677738
-1.9748432
-1.1352643
-1.8407269
-1.362483
-1.9171382
-0.43308911
-2.2564758
-1.420767
-2.7226749
-1.8305271
-2.5694646
-1.6128762
-1.018229
-2.2444886
-1.4060458
-2.7384344
-0.93990112
-1.8135438
-0.6926192
-1.818628
-2.2641269
-2.6694305
-1.824943
-1.5504181
-1.1713607
-1.1561676
-1.3315115
-2.4690851
-1.4141728
-0.84650047
-1.2389224
-1.5088639
-2.4317554
-2.5399687
-2.1747657
-1.2623602
-1.263849
-0.82457148
-2.4646201
-2.9886587
-2.5029049
-3.2097371
-2.5701699
-1.6224904
-1.7365581
-1.9134054
-2.3630917
-2.1296402
-3.7132631
-1.8815712
-0.059044045
-2.2533774
-2.1388051
-1.3660881
-2.5336849
-1.6748916
-2.1879359
-2.2639983
-0.54352272
-2.1889506
-1.7326315
-1.800824
-1.7803753
-0.76927626
-1.1619475
-1.0573919
-1.4691355
-1.3169072
-1.503464
-1.1707762
-1.5897615
-0.15318093
-2.5736225
-2.783379
-1.5030567
-1.4733076
-2.8871745
-1.8321719
-1.9895067
-0.16256503
-1.3848287
-2.7284217
-2.2675431
-1.9738168
0.010287059
-1.5363403
-0.81055626
-1.4096983
-2.047423
-1.4128172
0.032207463
-0.23222313
-2.2581225
-0.39497398
-2.350389
-0.68108284
-0.60539538
-2.8177607
-1.6547512
-2.8672738
-2.0902453
-1.0440362
-1.5173032
-1.35727
-1.2787336
-0.90324922
-1.2481954
-1.8783152
-2.2481343
-1.461179
-0.8067314
-2.053168
-1.1761632
-2.9602171
-1.6182754
-0.9999736
-1.8855567
-1.3459859
-1.5003271
-0.8610061
-2.4625467
-1.5804102
-1.6019774
-1.6578493
-1.1632325
-1.6249471
-2.9328044
-1.7763876
-1.2425208
-1.974903
-1.0940072
-1.4523168
-2.1895579
-2.6084684
-0.79094178
0.18253006
-2.2582127
-1.0720332
-1.7501503
-2.9362616
-3.1797577
-3.0525889
-0.78350317
-1.8111433
-1.8699776
-1.9576212
-1.5479814
0.07709955
-1.2042551
-2.3814873
-2.3788878
-1.1369645
-1.5255198
-2.7057414
-1.6889429
-1.8899201
-2.5864299
-2.4120907
0.56817186
0.27869499
-2.0400202
-1.4479068
-1.188648
-2.5564739
-2.1255653
-2.0620596
-1.6017685
-3.2823731
-1.7771222
-2.4484143
-1.9112136
-1.7942966
-1.4654833
-2.3595684
-1.7588073
-3.0545852
-2.3579566
-1.3524876
-0.2558311
-1.5335507
-1.1750125
-1.4439559
-1.4173612
-1.8476538
-2.335535
-2.1096514
-1.4324118
-2.2166469
-2.5588994
-1.6593119
-2.2103745
-1.744327
-1.1669596
-1.9295705
-2.2815421
-0.76975031
-1.3973562
-1.8839972
-0.58282506
-1.2488402
-0.25261151
-1.4402552
-1.052044
-2.3493149
-1.9798599
-2.4856362
-0.33863336
-2.0428987
-2.233164
-1.22376
-1.2799223
-0.23488055
-1.3234014
-2.5267033
-1.6977056
-1.9539782
0.036893089
-2.1020789
-1.0986823
-1.7693069
-1.9689
-2.285608
-1.7428312
-1.7033728
-3.1140288
0.38726548
-1.2401875
-2.4670209
-1.0333294
-3.8910256
-1.8919595
-2.4083116
-2.112454
-2.6224307
-0.68340185
-2.0724614
-2.0136797
-1.9254059
-0.85320352
-2.1477948
-1.0062519
-2.6229765
-2.3777969
-1.8691385
-1.4461538
-1.0535791
-1.2099302
-1.1761995
-2.7670817
0.64658848
-3.2009955
-2.5487622
-2.8824783
-2.7570325
-2.1944452
-2.4364692
-2.2746921
-1.4758717
-1.9942892
-2.0007522
-1.9479794
-0.47632436
-0.83434544
-2.298841
-2.0961478
-2.2828051
-4.2634203
-0.70997732
-1.2707282
-1.9179772
-2.2076936
-1.5814891
-1.2562421
-1.6003357
-1.5539484
-2.1224202
-2.5284915
-0.26219589
-0.4876903
-1.1796831
-1.9766331
-2.31386
-2.7504335
-1.4296331
-1.41165
-1.0574212
-2.6815751
-2.4067722
-1.4121631
-1.4914742
-0.60775413
-0.49396164
-0.81017403
-2.750125
-2.2555233
-2.2203391
-1.4684914
-1.7161916
-1.4417568
-1.5524291
-1.2051118
-1.8595031
-0.51732024
-2.8800213
-1.8001445
-1.3649297
-1.9506627
-0.096172017
-1.4650976
-1.3315458
-1.6416548
-2.3721001
-2.1581377
0.60703294
-2.3034108
-1.8333301
-1.839554
-2.4904868
-1.6919891
-2.0797797
-1.4791288
-1.8805982
-2.3642781
-2.4291392
-1.6146263
-2.4095115
-1.6794946
-2.18679
-1.3360086
-2.2518613
-2.0923627
-1.3757794
-2.0026901
-1.6697479
-2.3956997
-0.80780028
-2.1730696
-1.9774101
-2.2349885
-0.61207536
-1.5680589
-1.3293458
-1.9076849
-1.7692878
-0.28780651
-1.5680074
-0.82588544
-0.99965927
-2.2127608
-2.4881096
-1.0549637
-0.46236313
-1.6724556
-3.299543
-1.8417754
-2.2006243
-2.3416012
-2.807858
0.81478276
-2.0746244
-2.0772743
0.20499698
-1.255373
-2.2924313
-0.61261352
-1.4841041
-2.7911898
-1.5253307
-0.84350794
-1.8557844
-2.1125306
-2.9607354
-1.966706
-2.2801812
-1.4334918
-1.1557838
-3.2810947
-1.6806153
-1.1822214
-1.2482224
-0.77163679
-0.074763852
-2.6661505
-1.3126042
-2.3011874
-2.5555424
-0.79582206
-1.7441919
-1.6971674
-1.1238636
-0.88634406
-1.1435037
-1.247353
-0.25319136
-1.699173
-1.6437452
-0.4559222
0.18189132
-1.9596153
-2.0531949
-0.60505974
-1.9604364
-2.8927046
-0.95322163
-1.168935
-2.0742474
-1.6795977
-1.5059231
-1.6913719
-1.1540958
-3.3476598
-2.1786946
-1.6247347
-1.1670424
-1.9918556
-2.2015715
-1.3579776
-2.6973867
-1.373155
-1.9792931
-2.7954473
-3.7366378
-0.90860927
-0.24462097
-0.55055615
-0.51041304
-0.4182548
-0.086267518
-3.0863989
-2.2183875
-1.5540856
-0.71668287
-2.0488762
-0.98398071
-2.2516427
-1.0697482
-2.084203
-1.5283504
-1.5528917
-1.4266284
-2.0850845
-1.3029602
-2.2379658
-1.1117567
-1.034549
-1.8382719
-2.0436426
-2.9850856
-1.9082284
-2.3003791
-2.4260463
-2.6917232
-2.0663622
-0.81642002
-1.4234421
-1.4122611
-1.9982995
-0.28913879
-1.9970316
-3.3483892
-1.1532277
-2.3587984
-0.87414147
-1.8722146
-1.5556571
-2.34491
-1.3795564
-1.1963424
-1.2448904
-1.7878221
-0.65548505
-1.6672142
-2.249375
-1.0072794
-2.166647
-0.70762496
-1.615425
-2.1715475
-1.7040501
-2.4194097
-2.0985268
-2.3434936
-2.1372236
-1.5296142
-2.4934284
-1.1853925
-1.6722212
-1.0471516
-3.3063256
-1.851911
-2.0132598
-1.7401434
-0.63286121
-2.9776592
-1.3152853
-2.992284
-1.0633366
-2.298048
-1.297955
-2.8688084
-1.9680942
0.7889873
-3.0335562
-2.7906281
-1.0257715
-2.0388994
-2.5448975
-1.7313169
-1.5996465
-1.0725969
-2.020818
-0.33735986
-2.1695735
-2.915359
-2.0953841
-2.2717466
-2.3843374
-2.4783867
-1.8914607
-1.8268248
-1.4471005
-1.5779061
-1.1405846
-1.7283194
-1.5781885
-2.8153821
-2.6858606
-2.3751458
-1.1342994
-1.0107749
-1.2877908
-0.53129895
-2.3627839
-1.0811298
-2.4197318
-0.2675958
-2.9367489
-1.9279597
-1.5646892
-0.49800194
-1.0594499
-2.8675691
-2.4759837
-2.4827796
-1.3913808
-1.3278731
-2.3404116
-0.70119784
-2.0362898
-0.79337087
-2.1861199
-3.0982634
-2.3107444
-2.1733249
-3.491684
-1.070092
-2.3106693
-1.8748775
-1.3400767
-1.1624985
-0.45693769
-1.7659583
-1.9783262
-2.0968757
-2.0722534
-1.6583256
-2.4385441
-1.2795099
-1.0006149
-1.0375226
-2.4263506
-0.69594513
-1.2624404
-2.1336368
-1.2689523
-2.5370677
-1.5591581
-0.61062807
-1.5524199
-1.7407594
-1.8008433
0.060949767
-1.3908473
-2.5449955
-2.7069533
-1.0894167
-2.3325324
-1.8978965
0.051466602
-1.5295333
-0.79457924
1.1532247
-0.33331163
-2.1046247
-2.8953663
-2.611288
-3.3867945
-2.1282554
-1.8491692
-2.3841335
-1.72718
0.12041925
-1.1888873
-2.0510803
-1.6058547
-3.3261398
-1.9619871
-1.2477043
-2.3470027
-1.6374697
-0.96493638
-2.6486612
-2.1574725
-2.0082773
-1.5945309
-1.6942856
-1.2730155
-2.4858217
-1.3213815
-1.9033996
-2.1733514
-2.1649198
-1.8971988
-3.8000691
-2.2813441
-1.5403333
-1.1227404
-1.9425336
-2.5010536
-2.5179014
-2.8764737
-1.8488886
-2.1996299
-2.8276152
-1.1493567
-2.2602078
-1.2577982
-2.0221411
-1.7409581
-1.3650427
-1.7660282
-1.4086899
-1.5897808
-2.4499791
-1.1857225
-2.7659181
-1.3078059
-1.9942219
-2.4058531
-1.9696371
-3.4485741
-2.359222
-1.6828749
-1.1053367
-1.8490825
-1.9408403
-2.0712862
-1.9059914
-2.0773885
-1.3448598
-1.9443543
-1.104149
-0.67234438
-1.8641655
-0.52908754
-1.4660762
-0.93846958
-2.5706174
-0.84991485
-1.1796427
-4.0041575
-1.8527595
-1.0121609
-1.9409136
-1.4433851
-2.5791484
-2.116379
-1.2744832
-2.5671193
-2.4447701
-2.4587275
-1.3487181
-1.704131
-2.2743396
-2.1787992
-1.6918922
-1.6136207
-1.4800757
-2.0268012
-2.6330697
-2.5026444
-2.2244285
-1.1277284
-3.1644354
-2.0326333
-1.7129753
-1.4604139
-1.6591113
-2.1983065
-1.4132678
0.86434276
-1.6893606
-1.9420156
-1.9417549
-1.1513194
0.9439512
-2.1137465
-2.2610623
-2.2667976
-2.0314621
-2.0434957
-1.9071279
-2.2750261
-0.66953422
-1.2547466
-0.36352849
-2.6378553
-2.3156798
-2.1443235
-1.1333224
-1.6168224
-3.1593696
-2.098544
-0.76652118
-1.1885084
-0.39693768
-1.8367108
-1.8978672
-1.8720213
-2.4288435
-2.6312259
-1.5078832
-0.96788053
-1.8063682
-0.65133267
-1.9928925
-1.4757733
-2.4810448
-0.64743294
1.1474707
-1.775857
-2.4714221
-1.6903269
-0.44301261
-2.5213594
1.2820474
-1.662429
-1.5340562
-2.054768
-1.8035409
-2.1173592
-1.2001693
-2.3032138
-0.7969178
-2.5388305
-2.4968486
-1.7053465
-2.4806684
-2.311304
-1.9939802
-2.1243299
-1.8091812
-1.449839
-1.3770204
-1.9529156
-0.18614876
-1.4208367
-1.3896398
-3.2119335
-1.7156075
-2.0053132
-1.3813658
-1.1328547
-1.3581309
-2.2934618
-1.5473642
-2.1978788
0.04845802
-1.0888021
-2.6185942
-1.055199
-0.29071089
-2.3174175
-0.53506221
-1.3104552
-2.8014949
-0.9995773
-1.5653513
-2.5538183
-1.4863796
-1.7304438
-1.8054251
-1.9436129
-1.9218741
-1.2494386
-1.8441405
-2.1563643
-1.7092116
-2.2082686
-1.9908725
-2.0464112
-1.5734754
-1.957798
-2.0549257
-1.9266753
-2.7558429
-0.93236044
-2.1486908
-3.2507936
-2.3220864
-2.0843814
-0.12475627
-1.4589206
-1.784812
-0.89304066
-2.1533489
-2.4672447
-2.5451087
-3.3858108
-1.1067306
-1.6034067
-1.181824
-2.9571556
-2.1050514
-1.187245
-1.4629917
-0.86114803
-1.844278
0.21622004
-1.041193
-1.2822506
-1.6157371
-0.2186518
-1.973657
-3.3031958
-2.4921854
-1.2909447
-0.98002595
-2.8439944
-2.0448786
-2.3885693
-2.8418499
-1.7625401
-2.319716
-0.48984221
-1.5355957
-0.42959912
-2.1101458
-2.15121
-1.8119523
-3.0790138
-2.7146477
-0.1352343
-1.4317723
-1.0348668
-3.0568104
-1.2255903
-2.7078347
-2.2269591
-2.1381021
-1.6841423
-1.7746477
-2.6587547
-1.729724
-2.195054
-1.3617683
-2.1247905
-1.8739841
-2.0919343
-0.55257197
-1.0966907
0.28428834
-2.6265934
-1.5877065
-2.5912495
-2.8148513
-1.0292888
-1.9936249
-2.6299212
-2.0083763
-1.5279176
-2.9305762
-1.7393228
-0.99907173
-2.600415
-2.2981025
-0.94532063
-2.1726857
-2.3595334
-2.0956443
-1.2453831
-1.1845497
-2.4133601
-2.3799053
-2.7027203
-3.1066448
-1.5070615
-1.1221017
-1.8338976
-1.6291597
0.22341064
-0.81759517
-2.780383
-2.9318999
-0.99045146
-0.081411751
-1.7253244
-2.1329735
-2.1429443
-3.0565886
-2.1368269
-1.7367192
-2.5439677
-1.823355
-1.9409661
-1.0668366
-0.38703743
-1.5478869
-1.8828435
-0.99991468
-4.0520068
-2.3243941
-0.53156399
-3.2617859
-0.61419575
-3.0754188
-1.9525473
-1.4399566
-1.5464671
-1.703782
-1.6774318
-1.6547705
-0.38515061
-1.3980656
-1.7761001
-1.960532
-2.2234465
-0.86395666
-3.9874246
-1.3909668
-1.1832676
-1.4524256
-2.1163022
-2.550201
-2.1915932
1.2325922
-1.0603365
-2.2716906
-1.6635259
-3.0975815
-2.1542213
-1.5961535
-0.75683102
-2.5070492
-0.69529715
-2.2072871
-1.5155952
-2.4591061
-2.108899
-0.89173597
-1.2038717
-1.7524513
-0.15293699
-3.3303813
-1.2957487
-1.0457818
-0.53587143
-2.0470238
-2.4839928
-1.5532624
-1.5771431
-1.7379062
-2.2051363
-2.2253955
-0.89546117
-0.92658457
-2.1745502
-1.0994933
-2.4716424
-2.4271426
-2.0171608
-1.8265498
-2.9563136
-1.9175006
-0.88194937
-0.91771682
-1.9244774
-2.3336087
-1.461225
-3.2539874
-3.1404452
-1.2909417
-0.6488687
-1.4554673
-1.7860736
-2.3629031
-2.5131729
-1.3869013
-1.3029555
-0.97366448
0.62769666
-1.5205023
-2.2864096
-0.27100311
-3.0995714
-1.0596074
-1.6316021
-3.2870142
-1.8610271
-1.7811871
-1.6687194
-2.1773776
-1.3651613
-2.0768167
-0.37461411
-1.9138079
-1.7984428
-2.5474673
-2.2988619
-1.5504376
-1.5617333
-2.7623277
-1.8565542
-0.59495768
-3.1075629
-1.7629173
-1.943027
-2.4364376
-1.221599
-2.9466231
-2.1423826
-0.79166707
-1.181721
-1.0915074
-2.9042427
-1.2178799
-2.1357907
-1.9800279
-3.8965205
-1.7057503
-1.6930225
-2.2537895
-1.8435959
-1.8645066
-1.7534628
-1.9658916
-1.429011
-1.9014517
-1.5415878
-2.2013892
-2.0315576
-1.2004351
-2.3449669
-2.48285
-1.3800785
-2.5432731
-1.8014306
-2.5620733
-2.7074406
-1.4649929
-2.0556299
-1.4434052
-1.549146
-2.7131751
-1.726083
-1.4783711
-1.9487662
-3.2323389
-2.5811735
-1.892225
-0.030656152
-2.4018345
-3.1840921
-1.4684636
-1.2404786
-1.419092
-2.52875
-3.2099477
-1.953141
-1.8914215
-2.2531594
-0.12390002
-1.0013261
-1.3704589
-1.2836227
-1.0814018
-0.27516248
-1.5230414
-1.5593771
-2.3508801
-0.55840688
-2.0105123
-1.2595355
-2.4413394
-0.45982259
-2.0645404
-2.4837375
-0.50490917
-2.2843784
-0.3228563
-1.6297608
-2.0874773
-2.6375113
-1.7409859
-2.2812289
-1.8190864
-1.6076423
-2.1549807
-1.5199937
-2.3186827
-2.8781508
-1.9288865
-0.81872458
-3.0966698
-1.2477561
-2.0093859
-0.90552272
-2.7050374
-1.9243333
-1.464099
-1.3999046
-2.1774258
-1.7479571
-1.3301331
-1.2593484
-2.6385805
-2.5406193
-0.78481198
-2.3310882
-1.6632421
-0.54605608
-2.2905815
-2.11646
-1.8103951
1.7953275
-2.2663686
-2.263395
-2.4013979
-2.2098246
-2.05669
-2.5082335
-2.4274644
-1.3865069
-1.4418575
-1.4945408
-1.4032412
-2.6034783
-1.7239928
-2.1073753
-2.0812645
-2.7045781
-2.5858014
-2.2400689
-2.7181283
-1.5375428
-1.8072067
-1.8988025
-1.6758879
-1.1738124
-2.7682432
-1.2006602
-2.2710718
-1.86181
-1.587858
-1.1072181
-1.4320003
-1.929
-1.8612633
-1.6485497
-1.3173981
-1.041129
-1.3789619
0.68749534
-0.79026828
-2.3012757
-2.8927902
-1.3873436
-2.2728199
-0.74285069
-1.6136414
-1.6668352
2.7332851
-1.8760319
-1.8093954
-1.366534
-3.5580509
-1.8634222
-1.2582541
-1.6447611
-1.620103
-1.1899879
-2.8233621
-2.3445637
0.018331865
-2.5279523
-2.4235905
-1.2021176
-1.6877062
-2.026868
-1.6003878
-2.8585842
-1.3024521
-1.7875593
-1.9561585
-1.9084662
-1.8323059
-0.32055848
-0.71462676
-2.0544087
-2.0196253
-1.0025693
-1.2511911
-2.2431946
-2.7856228
-0.97464969
-0.67718083
-1.6640546
-0.90225956
-1.8498631
-1.6652819
-1.4409828
0.23831445
-1.5732512
-2.1587836
-2.5899511
-1.400587
-1.6998961
-2.6236526
-1.072265
-0.64176576
-1.3557998
-1.9416556
-2.7693709
-0.96271827
-1.0337386
-2.7620031
-0.88568715
-2.0970878
-1.1920953
-2.6526009
-1.9360845
-2.4191672
-1.7464318
-1.6400394
-1.5930228
-1.8484803
-2.3635163
-3.2597256
-2.2020306
-1.1089397
-2.6019936
-3.1167472
-1.7411291
-2.3629219
-2.3114679
-1.893188
-0.91607627
-1.800126
-0.48074323
-0.88705603
-0.97298686
-1.5213684
-1.2641514
-1.1140001
-1.6677448
-1.9489467
-0.99933097
-0.91013146
-2.2108919
-1.6417207
-2.2387836
-2.0510439
-0.89552066
-2.16134
-1.5073093
-0.85267989
-0.021639491
-2.420076
-1.0575476
-2.0793709
-2.2530262
-1.5902221
-1.2583301
-2.8425655
-0.53385011
-2.9077923
-1.6707192
-1.5656168
-1.7089332
-0.18864385
-2.0863737
-2.858099
-2.4791288
-1.6982321
-2.3244156
-1.3726111
-1.9365964
-1.5942872
-1.6501378
-2.046104
-1.6412339
-0.63916867
-0.90235589
-1.6265182
-2.0428735
-2.0722668
0.14062613
-2.4132006
-2.8181392
-1.1002622
-0.25032179
-2.2182629
-1.4124073
-3.0962441
-2.5996596
-2.1790018
-1.2222176
0.1182539
-0.70308254
-2.0164897
-1.3681812
-1.2954214
-1.9682133
-2.7896539
-2.3552789
-1.3643153
-2.0457754
-0.2118305
-1.9563052
0.33422315
-1.3697116
-2.4238685
-2.8322788
-1.3189247
-2.2569048
-1.5636701
-0.67706831
-1.900957
-1.7930482
-2.3764372
-1.8608075
-1.9126491
-1.1588197
-2.1343995
-2.2416916
0.25928394
-2.1374057
-2.5122593
-1.3573483
-1.6342137
-1.5899366
-1.6991153
-2.1991445
-1.428585
-0.91767908
-0.69225551
-1.7201453
-2.0186143
-1.9983838
-1.8495186
0.17375537
-1.4709029
-1.4637839
-2.0716316
-0.97685058
-2.1975212
-1.6141577
-2.9408974
-1.8571701
-1.7324257
-2.832527
-0.54709677
-1.9506491
-0.4516747
-2.3445004
-2.2406968
-2.0401996
-2.6384872
-2.1552734
-1.0006812
-2.1911625
-0.18655221
-0.98708337
-2.048175
-3.9124482
-0.99959279
-0.10024691
-0.97378346
-2.6531445
-0.87211103
-1.1864105
-2.861371
-1.9608531
-1.8562596
-1.1620849
-0.91350388
-1.8558218
-2.596411
-0.99864798
-2.5438277
-2.5033436
-2.5952396
-2.1930097
-0.66432151
-0.93496517
-2.2948722
-1.6449472
-2.9399598
-1.6029767
-1.9497863
-1.2829129
-1.0815082
-1.2534258
0.74531798
-1.398633
-2.2628771
-1.6711731
-0.203391
-1.9022036
-1.9031398
-0.94578482
2.8945095
-1.8748179
-1.5343018
-2.5932615
-2.703803
-1.8472606
-1.4220868
-0.87913354
-1.9749685
-2.2101575
-2.7880366
-1.3181972
-2.2692053
-2.7271333
-1.690773
-2.6876405
-1.5883436
-1.6815512
-2.720158
-3.0996529
-0.57432992
-2.3403845
-1.9930083
-2.5766081
-2.4861855
-2.7259734
-1.6445603
-2.5811877
-3.0240347
-1.8138038
-0.86427004
-1.9815764
-2.5262606
-2.2407105
-1.8066329
-3.3040339
-0.36603918
-1.4249424
-1.1752592
-1.4274981
-2.8817619
-2.8821103
-2.7341714
-1.6545605
-1.4883877
-1.2719971
-1.5262118
-1.8827703
0.20785227
-1.2080367
-2.2349773
-1.7799026
-2.8812487
-1.4552192
-1.7742619
-2.3095306
-1.3622339
-2.0220467
-0.47015709
-0.8388482
-2.9261479
-0.31804633
-2.1161155
-0.90982172
-1.1797892
-1.7830517
-0.28759267
-1.0140755
-1.3918913
-2.2711973
-1.9039185
-1.8178522
-0.6647097
-3.3516712
-2.9389005
-0.32116675
-1.353462
-1.8545726
-2.6839942
-1.0993387
-2.049849
-2.4619395
-1.994126
-2.9249518
-2.2998771
-1.9463775
-2.4253735
-0.14589224
-2.6440238
-1.9699806
-1.3536826
-0.50098407
-1.7020969
-1.7821119
-1.3133206
-2.3547971
-2.334004
-1.933826
-0.19599773
-2.7012337
-1.6909574
-0.80222962
-2.1297673
-1.6870697
-1.1892149
-1.4976044
-3.1088286
-3.0996918
-2.2802221
-2.4039005
-1.2689257
-2.2303926
-1.3682501
-2.3412475
-1.8296315
-2.3732132
-1.5686764
-1.948943
-1.5771222
-2.1932028
-1.3262801
-1.3176394
-1.592592
-2.1056701
-2.1380676
-1.5541745
-2.2448958
-1.2772087
-0.72677877
-0.50602926
-1.7075517
-2.1968589
-2.13244
-2.0054144
-1.4455759
-1.3524115
-1.1688986
-1.7679649
-1.7948944
-1.8643955
-2.8442485
-0.50161815
-1.7585547
-0.91753747
-2.1904182
-2.5429319
-1.0916858
-3.1718035
-2.2930181
-1.9230916
-1.0537028
-2.7879291
-1.6427938
-1.8711988
-1.11875
-0.96894581
-1.4093657
-1.7330422
-1.3158659
-1.0809064
-2.2385355
-0.83245174
-0.44293062
-1.2873048
-1.4861378
-1.3564158
-2.7146068
-2.9534741
-1.6163239
-2.4652854
-1.5199943
-2.174737
-2.7081797
-2.298443
-3.052496
-1.6100959
-1.9521873
-2.5418539
-1.6833517
-2.411448
-1.379631
-2.1563714
-1.6143044
-2.7201326
-1.6081708
-1.6926867
-1.8112698
-2.0463995
-1.6969294
-2.492615
-2.7309628
-1.9901638
-1.8721602
-1.7834443
-1.0129443
-1.3095661
-2.240307
-2.8479603
-2.1958678
-1.8731096
-2.0602533
-1.1140698
-1.5375201
-1.0460967
-0.15915219
-1.2113772
-1.7404861
-1.7597281
-1.7283666
-0.34099891
-1.7164115
-1.6116215
-2.0885698
0.20095995
-1.5518819
-2.2707889
0.70231106
-2.218537
-1.9024159
-0.38259497
-1.4438185
-2.0857426
-1.5027665
-1.1879193
-1.9371352
-2.3434487
-1.4132202
-2.98811
-2.4047652
-2.5508421
-2.5735856
-1.0073849
-0.82831414
-0.27183132
-0.74313528
-2.5532276
-2.3289435
-1.3846227
-1.3871543
-0.2313569
0.62587369
-2.8736829
-2.0705094
-1.2224081
-3.559039
-2.5720688
-2.3712996
-0.15729748
-2.0940945
-1.1919211
-1.6987685
-2.7118635
-2.1269628
-1.9437034
-2.1074103
-2.4469671
-2.2004372
-2.1244368
-1.3527855
-1.7074522
-2.7947342
-1.5945832
-2.6966681
-2.6915219
-2.0585813
-1.6328885
-1.4791065
-2.5012156
-0.98868643
-1.979326
-2.0912458
-1.3787499
-3.0395986
-2.0665372
-1.2669427
-2.3044042
-2.401306
-2.2488474
-3.5777479
-1.387359
-0.78607677
-1.1983774
-1.3539099
-2.0919553
-1.5093389
-2.939119
-1.51775
-1.027304
-1.68098
-1.0796912
-1.8412759
-1.5882549
-0.5961325
-2.2743283
0.51565903
-0.17484814
-0.54780548
-2.074563
-2.3467335
-1.1095855
-1.0323036
-1.3404951
-2.7369688
-3.8395234
-1.7561815
-0.67935339
-0.46565874
-2.0820727
-2.0677829
-2.5363336
-0.54100356
-1.9693986
-1.9399198
-2.1291262
-2.1468325
-2.9217556
-1.6921205
-1.1854258
-1.1906496
-3.1218538
-2.3943008
-1.4057915
-2.2410153
-1.295891
-2.4618237
-1.7653194
-0.42989151
-2.2540376
-1.2672146
-2.1010041
-1.3848401
-2.9112796
-1.1862652
-2.7517352
-1.8291883
-1.5207584
-2.9396926
-1.9267236
-2.5020285
-0.17405006
-2.6559904
-2.5751974
-1.4720074
-2.7433144
-2.0137469
-1.5890266
-2.6350506
-2.3177233
-2.3352075
-1.1806185
-1.1512258
-1.3378444
-1.5306335
-1.276079
-2.0295216
-2.2281353
-1.6383497
-1.5243493
-2.0985904
-1.795501
-1.7340624
-1.2408654
-3.1706335
0.19775515
-1.994421
-2.0258906
-1.7225515
-2.6817656
-3.1985346
1.4675771
-2.7033367
-1.0342942
-1.8509829
-1.6338381
-0.2433596
-1.5537899
-2.6388691
-3.9799342
-1.4949027
-1.4108742
-2.6641944
-1.8709956
-1.7329901
-0.94905765
-0.52442275
-0.95921658
-2.163117
-2.0331266
-2.977151
-1.4836952
-1.7965329
-1.9849516
-1.3750827
-0.88364871
-2.7045923
-1.1278413
-0.67786317
-1.6318188
-2.0464243
-2.8044015
-1.3928044
-2.2656465
-1.5196733
-2.707458
-1.9816176
-1.8734821
-2.7563153
-2.2035051
-1.7812954
-2.4540983
-2.9979094
-1.7575656
-1.4027657
-2.0538302
-0.019935021
-2.3105663
-2.4189028
-1.5306881
-1.5072711
-0.29830224
-0.90545826
-2.8057503
-2.4536352
-0.9757048
-2.9333928
-1.639653
-1.2444011
-1.9679446
0.24701961
-2.74099
-2.52162
-2.3781395
-1.2740598
-1.861678
-3.8410601
-3.5127434
0.014683183
-1.7261845
-2.1838142
-1.2604671
-1.9759275
-1.63654
-1.9523673
-2.8102626
-1.8404053
-1.3371888
-3.2552324
-0.23766901
-2.6234255
-1.4708894
-0.75582679
-1.7884529
-1.9513074
-1.5038261
-1.4214977
-0.92177044
-1.9721028
-0.86676134
-2.3283096
-2.1296927
-2.1783979
-1.2858064
-1.2302297
-2.4209833
-1.9799342
-1.2192162
-1.7491643
-1.4524893
-2.3565833
-1.9967152
-3.1928169
-1.6744575
-2.5791507
-1.6877371
0.24924227
-2.4974821
-1.3421833
-3.0690303
-3.1585494
-0.14136096
-4.1325313
-1.6464666
-2.4216764
-2.6431271
-2.8496638
-1.5444993
-2.8333748
-1.1366303
-1.009826
-0.93724176
-1.9421204
-2.3564998
-1.8974495
-1.9074665
-3.0567192
0.42498739
-1.1468515
-1.0814037
0.038108116
-1.9886792
-2.6453286
-1.888428
-1.0555949
-2.5081927
-1.7848026
-0.76655302
-2.2378279
-2.2568374
-2.5400196
-0.077463345
-1.8649106
-2.5110742
-3.627808
-1.7932839
0.41310199
-2.521775
-1.7772832
-1.3767945
-2.3896972
-3.0133488
-2.5481258
-2.0838966
-1.4404872
-1.9943097
-1.2364659
-0.35292516
-1.9192774
-3.2636628
-1.7396647
-1.9595611
-2.0609379
-1.0472245
-1.5201678
-1.3356801
-1.4598702
-1.8010479
-2.7238876
-0.93808017
-1.5962956
-2.1313194
-2.5635293
-2.4049795
-1.5158129
-1.6703088
-2.5865041
-0.97499188
-2.0180741
-1.9097253
-0.93327822
-2.673491
-1.580134
-2.6340644
-2.5592111
-1.1070412
-2.826515
-1.8250667
-1.3277348
-2.9564495
-1.1074857
-2.3524357
-2.448782
-3.1641796
-2.2722182
-1.268978
-1.168362
-2.4487698
-1.5219138
-1.948923
-0.1832445
-4.1057956
-1.6709376
-2.0012671
-1.607921
-1.4273409
-2.0792931
-2.2083919
0.16175344
-2.7780659
-2.7190806
-2.0812059
-2.3783447
-1.7098256
-2.1394178
-2.3027931
-2.6209281
-0.71312952
-1.7401692
-1.150208
-2.5114407
-2.3138516
-0.44161574
-2.3848267
-1.2040934
-2.5765343
-2.287007
-1.0260686
-1.2294117
-2.5403314
-1.3542013
-0.7822155
-1.8328103
-0.8856946
-2.6479644
-1.7995767
0.22545058
-2.4447229
-1.3627728
-0.52188093
-2.9101257
-1.9046252
-2.7244048
-1.2360855
-3.1556903
0.71822016
-2.0110421
-1.7333211
-1.7114092
-1.1253288
-1.3898174
-2.3494739
-2.4352487
-1.9947777
-1.5561454
-2.0373363
-1.5551569
-1.6501854
-2.0176579
-3.1258704
-2.0698109
-1.8700035
-1.7522652
-2.2340549
-2.1460882
-1.8612088
-2.5317441
-2.2601565
-1.1447131
-1.1171287
-0.56943778
-1.5746217
-2.5355138
-1.8581315
-1.3651409
-2.7305877
-1.9544977
-1.740146
-1.0462153
-1.8561102
-1.8392411
-1.6478576
-2.1347234
-1.8995986
-2.2347254
-2.132772
-2.9185533
-0.881056
-1.8316529
-1.8754714
-2.03563
-1.6981937
-2.4506205
-0.71515083
-0.68161824
-1.1827242
-1.496313
-2.0937731
-2.2879696
-1.3864163
-2.0236434
-2.112747
-1.9386817
-1.5059356
-0.42789393
-1.2052714
-1.3422334
-4.34272
-0.73409656
-1.280764
-2.7377299
-1.6630558
-1.9472672
-2.9410041
-2.6386976
-3.1023505
-1.0570565
-1.8137311
-2.033233
-1.3818506
-1.7801353
-1.9541634
-1.6330938
-2.9875106
-3.1163369
-0.68872458
-4.1112991
-0.818096
-0.9898766
-2.1767753
-1.1033388
-2.0551394
-1.2775409
-2.3790137
-1.6748337
-0.83408436
-0.96267795
-1.1362424
-0.32728555
-1.7697472
-2.9425172
-2.4287143
-1.9979468
-3.6041844
-1.5741912
-1.5946542
-1.6872677
-2.3323662
-2.7194885
-2.4439094
-1.3005632
-0.36866922
-2.3572745
0.35787776
-1.4569021
-1.5813714
-2.3234256
-0.81289448
-2.7309002
-1.8681346
-1.2694408
-1.0634119
-2.0234819
-2.4477345
0.038323723
-0.82321007
-0.75944964
0.33044652
-1.1335706
-2.2784409
-1.3481731
-3.2441037
-2.1936314
-2.2775014
-1.8724606
-1.9034867
-1.9383902
-2.0936682
-1.0853488
-0.89566989
-1.942313
-2.1825875
-1.7933371
-3.0308034
-1.5437225
-1.4778895
-2.2119668
-1.5793021
-1.9408201
-2.8351749
-1.9513054
-2.128107
-1.359226
-1.6940485
-1.2353102
-1.4006604
0.80698608
-2.5506892
-1.4420932
-2.0424894
-1.7624365
-2.7666088
-0.60911746
-1.4850016
0.15043992
-0.13752888
-2.9383075
-1.578656
-3.4045549
-1.137011
-1.8612877
-0.95838086
-2.7827211
-1.4703147
-0.93330948
-2.1901169
-1.6600512
-1.9258185
-2.258748
-1.2436823
-1.2026006
-1.649159
-1.8744334
-2.3023319
-1.6698301
-2.4293503
-2.4316714
-1.0554466
-1.0290475
-1.9522434
-0.985368
-2.3322948
-1.5709278
-2.9531402
-1.95432
-1.456182
-1.1711419
-2.6135857
-0.28449926
-0.35101834
-1.5605732
-1.4009463
-1.9905208
-0.78495561
-1.8733962
-1.3674216
-1.0717292
-2.176876
-1.4341505
-1.3648348
-1.9717671
-1.3308557
-0.9509202
-1.2859351
-2.1297512
-2.0884616
-1.3310738
-1.6590836
-2.5247255
-2.2876437
-2.2982674
0.021293988
-1.9435382
-1.7563959
-1.1607387
-1.8819695
-2.3625835
-2.171957
-2.759704
-1.1671378
-1.8902131
-1.2450482
-0.62375727
-0.47722565
-1.3014487
-3.1968225
-1.3980469
-2.4804885
-1.2921795
-1.6140601
-1.7944897
-1.6316444
-1.1592761
-1.5505528
-1.9551243
-1.648485
-1.6797933
-2.6085752
-2.4311947
-1.1116108
-0.64071399
-1.225952
-1.6376927
-0.91175582
-1.9084512
-1.9733788
-1.4481114
-1.5060791
-1.0033874
0.73409765
-2.5000181
-0.61300976
-0.69010099
-1.2619382
-1.7725172
-1.7974061
-1.7578458
-1.5612138
-0.52152988
-1.6320412
-1.8914592
-1.6393844
-2.7227926
-2.3452298
-1.2710641
-1.7944787
-1.8951567
-2.2800416
-1.3064546
-1.902609
-0.16739318
-3.2075126
-1.4940398
-0.54819177
-1.6686468
-2.1992078
-1.879978
-1.9370153
-1.8430565
-2.7220056
-1.3710787
-1.5269016
-1.957591
-2.2465631
-1.8497751
-1.3331816
-1.2900951
-1.3767136
-1.2566896
-1.0670224
-2.0641024
-1.6872504
-2.7824094
-2.3583072
-1.6288049
-2.6857158
-2.0091926
0.50065465
-1.5027249
-1.731852
-2.3608705
-2.5429476
-1.4311655
-0.82837494
-2.4788522
-2.0526384
-1.5361529
-0.54606772
-1.9336225
-2.003298
-2.1165835
-1.4241584
-2.0842911
-2.1852158
-2.9005232
-1.3596882
-0.48430956
-2.7726023
-1.143676
-1.0666508
-1.4486911
-1.3936178
-2.0897465
-1.4047351
-0.58250083
-1.3603516
-1.096637
-1.6354174
-1.2754356
1.0994547
-1.4383652
-1.9882946
-1.5702925
-1.123497
-2.3589112
-2.4681176
-1.8938036
-1.7849398
0.20756169
-2.1023866
-1.5380761
-1.0393374
-1.2267314
-0.63033273
-1.3130654
-1.62612
-1.883792
-1.7477791
-1.0784398
-1.3548062
-2.3428906
-0.95982254
-1.3901828
-2.527842
-2.9893112
-2.1842199
-2.9699636
-2.2959944
-1.471224
-1.2452882
-2.8239655
-2.4631455
-1.3302774
-1.3513324
-2.9984781
-2.0780067
-2.938045
-2.902745
-1.5979778
-2.0720229
-3.0246146
-2.7101714
-2.1398745
-0.59810065
-1.8210334
-1.8288365
-2.3210603
-2.0593275
-2.0394283
-3.0110284
-2.3429362
-1.8365926
-0.9798403
-2.1374856
1.339411
-1.9434218
-0.87325392
-1.5567951
-1.2238454
-0.77611185
-1.3641432
-2.2048887
-2.077973
-2.399772
-2.8331687
-2.3444395
-1.0004603
-2.3695136
-2.5826402
-1.0862698
-2.0683178
-2.3804173
-1.4435319
-2.471211
-0.8138727
-1.4076203
-0.29238449
-1.1925046
-1.7155564
-1.1299863
-1.4553033
-2.5103846
-1.2408304
-2.722147
-1.8586696
-2.2793635
-1.925771
-1.7541163
-1.418397
-1.9475988
-1.3688114
-2.7949793
-2.2398805
-0.43872048
-1.2017031
-2.2383726
-0.43734353
-2.1947109
-2.8410825
-3.1505769
-1.8927344
-2.6857436
-2.2759927
-1.4330106
-1.4399851
-2.9132379
-1.7234764
-1.7785715
-1.4850728
-2.2215034
-0.23297924
-1.0802331
-2.2927873
-2.6608483
-2.7880424
-2.2378203
-1.7682469
-3.3954337
-2.0703974
-0.80924234
-3.0327905
-2.8776299
-2.7187017
-1.6541658
-1.3390384
-2.0162648
-2.3455266
-1.7274749
-2.5317256
-2.3907725
-1.6687473
-1.7805662
-1.0558211
-2.9639849
-2.6848703
-1.3924454
-0.70514251
-3.3191345
-1.501621
-2.1720156
-0.83577873
-1.9783011
-1.4681491
-2.463614
-2.3254285
-1.7015471
-1.5051514
-0.69099273
-1.7287896
-2.2474601
-5.0077111
-2.0223939
-0.84042954
-1.9944557
-1.387972
-2.5852854
-1.2438909
-1.9782212
-0.61027951
-2.2219532
-0.97198613
0.22179977
-2.2302932
-0.47721132
-1.6000873
-2.1064057
-1.1630757
-1.9286408
-1.9069369
-2.5443048
-2.3481489
-0.80824544
-1.7929954
-1.9561116
-2.2199136
-2.9459982
-2.1112442
-1.6905874
-2.3175571
-2.5543665
-1.8887493
-3.346475
-1.5211555
-2.4320449
-2.1394998
0.19511301
-1.7399733
-1.293067
-0.40708156
-0.90005151
-2.628498
-2.5114436
-1.2284921
-2.112618
-3.1601228
-1.6819008
-1.5080298
-1.3455014
-2.8500066
-0.70569155
-1.4944184
-1.9649357
-2.054804
-1.0412029
-2.5427355
-2.0877843
-0.99735114
-1.6307368
-1.5954702
-2.5141337
-2.3888921
-2.3180681
-2.9594618
-0.47841837
-0.44182751
-1.1260117
-1.8885595
-0.99950295
-1.5760867
-2.7788926
-2.1430016
-2.7176074
-1.8655151
-1.054544
-1.5965511
-1.1142596
-2.8620075
-2.7952108
-2.3205119
-2.8440468
-2.1155199
-1.9245087
-1.8394249
-1.8372509
-2.1290474
-1.2186408
-1.9496984
-2.4075987
-1.3828153
-1.9714489
-0.16582896
-1.4701983
-1.3611401
-0.50358356
-1.8686805
-1.8266155
-2.2245474
-2.4449138
-1.4495787
-3.0519183
-2.6393802
-2.0904889
-2.3799888
-0.87197623
-1.624108
-0.9951698
-1.5504743
-1.2306234
-0.8026282
-4.0564996
0.36598381
-2.5227874
-2.1306814
-2.161968
-0.25979841
-1.200009
-1.8443299
-1.0933749
-0.52916145
-1.3422992
-2.0601309
-3.1278083
-2.2629787
-3.3073152
-2.8214776
-2.1031028
-2.0101539
-3.1140529
-1.0771873
-2.2785436
-1.9011267
-2.3884316
-2.2872781
-2.3849118
-1.2825066
-1.343806
-2.2142135
-1.7432167
-1.928612
-0.00063644542
-2.3683238
-1.6459686
-2.659538
-2.0687875
-1.7882457
-1.5697951
-1.0435123
-1.7315862
-2.2100021
-1.1672551
-2.6482349
-2.4384052
-1.000772
-3.1343778
-2.2214402
-2.105437
-1.9665041
-1.5517534
-1.9654586
-1.1600586
-1.087552
-3.0915097
-1.3703338
-1.4303413
0.28307142
-1.9751143
-3.0241399
-0.32186663
-1.1995144
-1.5971475
-2.4407624
-2.2691825
-1.0960967
-1.7308055
-0.56680835
-1.5787936
-2.2414127
-1.5903545
-2.6520557
-0.68772698
-2.2730034
-2.1525774
-2.6888311
-0.088499592
-1.5010425
-2.3724156
-0.99944155
-3.2720702
-1.718265
-1.6839104
-2.5582201
-1.2433002
-1.6305073
-1.8699142
-2.8884041
-2.6533071
-2.2323641
-1.3028004
-2.3770122
-1.0948833
0.57336199
-2.1775077
-1.9440213
-2.3892598
-1.8650942
-0.53613524
-1.7126861
-1.3620706
-2.2687497
-1.2562671
-2.2070058
-2.859178
-2.7494027
-1.5049716
-0.33816509
-1.6510451
-1.5477197
-1.862527
-1.7745045
-0.98547327
-0.89776035
-2.2924189
-2.5335701
-1.6408385
-1.3618444
-1.2340333
-1.7892693
-2.0852051
-1.2529683
-3.0513681
-2.6462208
-2.118253
-3.0164086
-1.6910016
-2.5195445
-2.2967231
-1.8470956
-1.4786407
-1.4969186
-1.9825398
-2.7496395
-2.6450902
-2.8037811
-1.4781927
-1.8604623
-1.3554644
-1.0735413
-2.2122806
-1.9055132
-0.88905493
-2.3371034
-1.611637
-2.2647819
-2.3704368
-0.947806
-1.4997276
-1.4118651
-1.8892611
-1.1495993
-2.3869467
-0.30024412
-1.442551
-4.1128722
-0.78820482
-0.89149782
-1.9011239
-1.6418366
-1.8557615
-2.1904437
0.44804046
-1.9122758
-1.7615386
-2.4038212
-2.799048
-3.2340119
-2.0968271
-1.7243977
0.10053498
-2.32745
-1.9644746
-2.5612083
-0.8315401
-1.4352034
-1.1353628
-0.67237734
-2.0116524
-2.6189187
-1.2248256
-3.7680079
-3.0604879
-1.7699922
-0.75191689
-3.0195191
-2.1400118
-1.0175363
-1.8545975
-2.8350745
-2.0478559
-1.8359858
-1.3447631
-2.8345366
-0.74104865
-1.7488415
-2.2810736
-0.1691829
0.65900149
-1.2481949
-2.5202808
-2.4063451
-1.7304448
-2.5097464
-0.82199256
-1.5601735
-2.3571435
-2.5953601
-2.5413666
-2.4202535
-2.5794576
-1.8209871
-1.955379
-1.4694677
-2.803763
-2.1193186
-1.2204517
-3.3416167
-1.8558415
-2.5260084
-2.0121041
-2.331961
-1.7201182
-2.3780913
-1.5392539
-1.5867264
-1.8315553
-2.5831769
-0.15328273
-2.0353592
-1.9757649
-0.88410967
0.99318873
-0.78802414
-0.27473728
-0.6811482
-2.7902538
-1.1120795
-1.6971447
-2.6818904
-1.0917296
-0.43518483
-2.5419701
0.49511923
-2.0587271
-1.748946
-2.0508311
-2.8888787
-2.9567216
-2.078767
-0.84349752
-2.5610267
-2.0228421
-1.1961166
-1.02384
-1.28174
-1.2843985
-2.8883517
-2.8554841
-2.7380565
-1.5273196
-2.1652115
-1.5866671
-0.7389053
-2.1163934
-2.0638461
-1.9186349
-2.5302395
-2.2162208
-0.47128496
-2.9249581
-1.7798433
-2.7321449
-1.7663977
-1.4853613
-0.68960385
-1.0253046
-1.7772537
-2.7655193
-2.1825719
-1.4146516
-1.1984089
-1.7843963
-0.94107486
-1.6310576
-2.2449833
-2.9927087
-1.4983191
-1.7884877
0.010424632
-2.1406338
-1.4540262
-1.3968503
-0.67131815
-1.9408957
-0.57531641
-1.8453192
-0.94556832
-1.9470263
-2.317966
-1.5350216
-1.2989359
-0.68928884
-1.6915028
-2.0489961
-1.4989787
-1.1169944
-1.5419936
-2.519581
-2.9231525
-2.0747483
-1.7539754
-1.9379958
-1.4866592
-1.1714792
0.39552577
-0.77881091
-2.6205252
-1.0002471
-3.1012848
-2.0256664
-1.6252702
-1.1719515
-2.665788
-0.29741463
-1.5595383
-1.7235565
-2.152344
-1.777501
-1.9953383
-2.9229373
-1.7488808
-2.0180909
-1.144509
-1.6445722
-2.622595
-2.0261771
-1.9578039
-2.2560081
-0.96325823
-0.88931485
-1.1560395
-1.6382807
-1.8342083
-1.9326569
-1.6295509
-1.2492197
-2.2644414
-2.9351737
-2.207981
-1.1412134
-1.8039802
-0.33091162
-1.8238779
-4.0157499
-2.1802047
-3.5607168
-0.2750829
-2.2518197
-1.4490166
-0.76355122
-2.5774788
-1.9616065
-1.4835259
-2.3637584
-1.7736778
-2.3834804
-2.1607275
-1.648844
-1.8858605
-2.5032313
-2.3936382
-1.0903604
-1.7482364
-2.0193537
-2.2486703
-1.312784
-1.2166356
-1.695209
-2.393118
-1.3254214
-2.2177305
-1.2025501
-1.4700296
-2.4433533
-0.33844548
-2.0000515
-2.5400782
-1.5831566
-2.7609391
-2.0847884
-1.8209125
-1.3162529
-3.1391727
-2.7596935
-2.9529366
-1.2703041
-1.4419709
-1.8951009
-2.7756709
-0.54120352
-2.1647995
-0.76718203
-1.066946
-1.8511019
-2.5207067
-1.8015496
-2.3447445
-2.1186658
-0.68703199
-2.2925535
-0.56836464
-0.0341651
-1.3024765
-1.4828921
-2.0574336
-0.8815478
-1.5304503
-2.7268271
-2.4391418
-1.5971692
-1.3706065
-1.4923601
-2.0023494
-1.0485486
-3.0059324
-1.631406
-1.1715674
-2.7486828
-1.2833032
-1.1607265
-3.0953116
-1.6676902
-1.0154214
-1.5060264
-0.70140471
-2.2795206
-1.3314259
-0.57795585
-2.3353917
-2.9369499
-2.7768448
-0.93244291
-3.0548832
-1.5289124
-1.980356
-1.3257336
-1.8085716
-2.1374254
-2.7092399
0.46753152
-1.2505141
-0.64962598
-1.8039269
-0.76019587
-2.965859
-1.9478134
-1.8904911
-1.629785
-0.25319867
-1.5640105
-0.3229894
-1.1643131
-0.17982545
-2.4712139
-2.9625026
-1.704806
-1.9909409
-1.533787
-2.108886
-3.0958907
-2.31741
-1.5302424
-1.7124226
-1.5912917
-1.2605168
-2.0881612
-1.8672345
-1.5010927
-2.7590075
-1.1690203
-1.0685615
-2.1664656
-1.9171819
-1.3105608
-1.6646968
-2.2590077
-1.9633743
-1.3370225
-1.5543136
-2.6228032
-0.7663953
-0.80869991
-2.6627087
-2.3538431
-2.0694178
-3.140041
-1.3385364
-2.9343218
-2.9361387
-2.9208753
-2.3375974
-1.704342
-2.554712
-2.8442583
-1.8722138
-2.1629645
-1.4566514
-2.7039814
-1.5358554
-2.187029
-0.83907581
-1.3668194
-1.4014789
-0.91812905
-2.7028983
-1.5559176
-1.6696211
-1.5852573
-1.6812329
-1.816484
-1.7469486
-2.3648552
-2.0274785
-2.2148446
-2.5229678
-2.7266385
-0.85945198
-1.3704799
-1.5295784
-1.8745511
-1.5485154
-1.9384065
-2.2610805
-2.6295475
-2.0806824
-2.4032966
-2.4450078
-2.0244935
-0.87771851
-2.0033484
-2.7961998
-0.95618049
-0.70280899
-1.6649533
-2.2287487
-2.6397575
-2.2551648
-0.96632682
-1.0313577
-0.9433445
-2.0364656
-1.5019397
-2.3368617
-1.4650271
-2.2862554
-1.7556167
-1.1477005
-1.5145841
-2.0704025
-0.84522401
-1.6251581
-2.911051
0.40096802
-2.1114759
-1.9292064
-1.8633581
-2.5083133
-1.4466028
-3.0872821
-1.644685
-0.71708333
-2.0242103
-1.8892035
-3.110925
-1.3757418
-2.2370455
-3.182339
-2.243235
-1.1618214
-1.97924
-1.3187798
-1.6825442
-2.067331
-1.9546908
-2.1424906
-2.4830708
-2.3997342
-1.8886018
-1.9528557
-2.6731527
-0.98452748
-1.0125146
-2.8097589
-1.8048221
-1.8739292
-0.75414348
-1.8286198
-2.4384175
-2.687387
-1.894508
-3.1595991
-2.0802514
-2.197989
-1.3732757
-1.2955845
-3.1794707
-2.561278
-1.1032185
1.7225436
-2.9065645
-1.1469788
-0.92204436
-1.5608732
-2.1860641
-2.7910707
-1.4723468
-2.0090675
-2.451816
-1.9394328
-1.360614
-1.7383869
-0.30729741
-1.44294
-2.8334875
-1.5663903
-2.2768676
-1.9837877
-1.2220402
-2.146217
-1.1867512
-2.1190033
-2.5424363
-1.6259428
-1.4558693
0.80162856
-1.0815958
-1.64143
-1.6499909
-1.0280273
-1.9399019
-2.3493492
-1.7651078
-2.3108457
0.66512187
-2.2070105
-1.7385048
-2.2510804
-2.8603867
-2.3836088
-1.2809406
-1.9991783
-1.8010113
-1.9014454
-1.4979878
-1.3875208
-0.35160307
-1.9694974
-1.871818
-1.5688515
-1.9621193
-2.2791253
-1.9861939
-1.3395175
-2.4577243
-2.3367711
-2.0458089
-2.1891099
-1.5121863
-2.5189957
-2.8088621
-1.9114404
-2.3458476
-0.97450476
-1.1439027
-2.8746744
-1.3926038
-2.0735173
-1.8046606
-0.59934042
-1.2646022
-1.3678432
-2.5202641
-1.8901587
-1.5645323
-0.38978751
-1.5855018
-2.8351724
-0.53392527
-3.2904165
-1.703287
-1.9688815
-1.8223379
-1.6227232
-0.8533937
-2.7977126
-0.36898419
-2.5207359
-1.9911627
-2.2699462
-1.1940188
-1.356313
-2.6839288
-2.1929007
-1.7506404
-1.9431578
-1.0462486
-1.9752379
-1.9778732
-2.2928875
-2.2979351
-1.6547075
-0.14624268
-2.7535657
-0.92265692
-2.2697944
-2.0412811
-1.9028384
-1.9301622
-2.4307987
-2.8612711
-1.7564958
-0.80015822
-0.37794949
-1.5666059
-0.63530143
-2.5320283
-0.077750111
-2.4181977
-2.5602022
-2.1033685
-2.5155113
-2.7666234
-2.1910029
-1.5780692
-3.5505563
-1.9138896
-1.1934316
-1.5649976
-1.430045
-1.5684198
-0.99937618
-1.0728682
-3.4265858
-1.1699099
-1.1428686
-2.7681393
-1.801806
0.066790243
-2.7824955
-1.6914297
-1.8391914
-1.9660289
-2.5612994
-1.5844366
-1.4910828
-2.2688075
-0.8081428
-1.6364765
-3.0220634
-2.2002013
-2.8263884
-2.909654
-3.0427382
-1.037459
-1.5408315
-2.5067948
-1.170307
-1.0110691
-1.0339387
-1.7861619
-1.2142905
-1.720455
-2.022822
-3.0639469
-1.068262
-2.6227215
-0.70081654
0.8030341
-0.96804607
-1.8427609
-1.9435925
-3.5390212
0.70467347
0.39185021
-2.4970505
-2.7925143
-2.0311666
-2.3592058
-1.9513513
-1.3984981
-1.7355561
-2.2181536
-2.6718065
-2.834709
-1.9539226
-1.6459497
-2.357927
-1.674528
-0.95053303
-1.7147146
-1.3850044
-0.99955005
-2.4521733
-1.7568464
-2.2832647
-2.1060709
-2.1838968
-1.9611488
-1.9550057
0.55844552
-1.8146628
-1.314705
-2.6356877
-1.6368005
-0.56161045
-0.82681488
-2.3109979
-1.746993
-2.3376338
-0.92834892
-1.2403615
-0.67257701
-2.0476768
-2.2052539
-1.0463692
-1.8400424
-0.98346245
-2.3790355
-1.3484686
-2.7026645
-2.2940198
-1.3093678
-1.1250047
-2.3763857
-2.4764466
-1.6883033
-1.7036151
-1.7571798
-0.23695177
-2.0424769
-0.91663964
-2.2322124
-1.6234154
-1.1844964
-1.4665631
-1.6459369
-1.7559739
-2.5471778
-0.97375717
-2.288934
0.07922905
-2.8959839
-0.22955906
-2.1181346
-2.4030575
-0.96748156
-2.3549581
-1.1925329
-1.8393686
-1.2623287
-1.9345032
-0.92855173
0.93681588
-1.5837984
-1.7410245
-2.3901487
-2.4685933
-1.171348
-2.1396357
-2.2662956
-1.7736899
-0.91318277
-2.014011
-2.0111672
-2.2744482
-2.7718164
-2.0619847
-0.42353919
-1.4717046
-1.1445687
-2.2094829
-1.1227183
-2.5616158
-3.1279601
-2.7358998
-1.9706498
-2.3960653
-1.5104972
-2.3410998
-1.7482374
-2.0347511
-0.99052674
-2.2789201
-2.6653601
0.56773406
-2.2512051
-2.280766
-3.0063911
-0.2682664
-1.1928661
-1.9295499
-2.5771257
-1.0305377
-1.3390549
-2.8001558
-2.1911954
-2.223103
-3.2150815
-1.6996246
-0.8895078
-2.0004988
-1.8219273
-0.7855069
-0.099727415
-0.51709765
-1.6658274
-2.7953958
-2.9141246
-2.3912636
-2.9309092
-2.6316145
-0.54608121
-0.78943282
-2.4860538
-2.0363138
0.95456739
-1.8551342
-1.7014106
-1.7311447
-1.5665004
-2.2806438
-1.4964506
-1.73518
-1.3385975
-2.1286348
-1.2929015
-3.1868332
-1.7342231
-2.4883664
-2.5917997
-0.23224494
-1.3555113
-0.32553568
-1.7904019
-1.966318
-1.9689373
-2.2842707
-2.2397601
-1.7348777
0.26935454
-1.4684066
-2.7717305
-2.3937208
-1.4525486
-1.3214612
-3.143903
-1.4678379
-2.0594372
-2.5414716
-2.0375274
-2.9220076
-2.4197019
-0.90822446
-2.1041825
-0.7788886
-3.923233
-3.4959906
-1.0488977
-0.57139669
-2.4324538
-0.99911398
-2.3242975
-1.8004592
-1.3941087
-2.0462973
-2.2667597
-1.6255299
-1.4238724
-1.9630569
-1.9176956
-1.2018729
-1.2230829
-0.97347301
-1.1313751
-2.4872313
-1.3637435
-2.9340831
-2.3274463
-2.0982055
-0.42860841
-1.8950417
-1.4722792
-1.6005863
-1.5873411
-0.42150442
-1.6230943
-1.6136299
-2.6280077
-2.2683041
-2.1441916
-1.5593912
-2.0751502
-1.7881208
-2.3269835
-3.0489766
-0.58535729
-2.1363727
-1.8650906
0.29940137
-1.8902107
-1.6098394
-2.1256752
-2.3466321
-2.0697048
-1.5669975
-2.5705366
-1.9885921
-1.8031518
-0.38899946
-0.84606494
-2.2231025
-2.047245
-1.9826815
-1.3742655
-2.0578014
-1.6615155
-2.5251999
-2.5816477
-1.7872218
-2.4527213
-2.3749855
0.25619742
-2.0779071
-2.1507511
-2.4616303
-2.0482356
-1.9869603
-2.0829013
-1.6119568
-2.1110779
-1.9358043
-2.0704732
-0.94726918
-1.3355478
1.5074038
-1.2686854
-2.5741496
-1.258193
-2.7538159
-2.1004476
-1.2970344
-1.0354665
-3.5237506
-1.5444721
-0.35459794
-1.9341786
-1.1170355
-1.3483319
-1.287475
-2.1764501
-2.8448218
-1.3016478
-1.9041087
-1.7885626
-2.0564185
-1.0589845
-1.8235352
-1.8290671
0.21214367
-1.6169625
0.37898879
-1.1808172
-2.8132104
-1.9593203
-2.5003062
-1.2147916
-0.68266259
-1.0221105
-1.6261159
-1.6206214
-1.7921899
-1.4855075
-2.9597587
-1.9281021
-2.3210463
-2.6032446
-1.6083137
-1.9373927
-2.2159912
-1.4240556
-1.3801246
-1.6646543
-2.8005438
-1.9390497
-0.4092417
-1.8822954
-1.5054082
-1.0833005
-0.94439219
-1.7678893
-2.367521
-2.2630337
-1.2548097
-2.1309425
-1.5411803
-0.89289032
-2.0013089
-0.22108162
-2.3630377
-1.8912421
-2.1017447
-0.737673
-2.4159464
-2.709259
-1.1820563
-1.2258619
1.443112
-0.72120957
-2.2724756
-1.9098779
-1.5705735
-2.2515574
-1.7805172
-1.8245644
-2.4891615
-1.7615932
-1.8926237
-0.88901157
-2.5256648
-0.24871418
-3.2361148
-0.85460824
-1.1296037
-0.95241254
-2.7555694
-1.4780526
-1.1965906
-0.024353743
-2.5100371
-1.4958522
-2.2645626
-1.2873934
-1.4935807
-1.2498042
-2.4675787
-0.37959316
-2.1801432
-2.7075379
-2.149747
-1.7735837
-2.1418774
-1.4819935
-2.8960658
-2.6044668
-1.3043574
-3.3444297
-1.4813481
-2.7593048
-1.6766084
-1.6480885
-3.3741061
-0.86858585
-3.095785
-1.9183025
-2.0390165
-2.6498289
-1.231343
-2.3460779
-1.0128007
-1.6728085
-2.6299262
-2.5724259
-1.8639956
-2.6532774
-3.1383282
-1.4889492
-2.6183693
-1.905806
-1.8331052
-1.2182322
-1.301705
-1.534297
-2.0397307
-0.82046372
-1.4824623
-1.7685782
-3.1851046
-1.5428785
-1.2643353
-2.7624601
-2.252898
-3.2166648
-2.9665168
-1.7546606
-3.3098353
-2.6002815
-2.2473899
-2.9739358
-2.2385557
-2.4936566
-1.8303626
-0.88134482
-2.8951572
-0.041741517
-1.4748326
-3.2118378
-2.0957006
-1.9540399
-3.9162678
-1.638715
-0.9255967
-1.4424116
-3.1178428
-2.4447128
-2.314005
-2.0642014
-1.8760759
-1.7683325
-1.1901284
-1.6511878
-1.9036297
-2.0817977
-0.23047235
-1.9302821
-1.8169398
-1.0781728
-2.3349026
-1.2266495
-1.8249479
-1.3186053
-1.8606714
-3.321196
-1.7791599
-1.4886373
-1.5740978
-1.8081
-2.453021
-1.2428935
-2.0444019
-0.28616523
-1.6416335
-1.6420626
0.64080159
-2.4853552
-2.912009
-1.7453943
-2.2090598
-1.1643158
-1.000124
-1.7829034
-1.2449277
-1.3424669
-2.4031749
-2.751259
-1.6139454
-2.333712
-1.9908725
-2.0406354
-2.1642098
-3.0593007
-1.5731288
-2.376751
0.19894989
-0.8201064
-1.589283
-2.1175328
0.59925046
-1.6635573
-2.04509
-2.5896196
-1.7139566
-1.5356963
-1.7692357
-1.5409013
-2.1783042
-1.4057188
-1.493382
-1.7935059
-1.9828867
-1.5035818
-2.5122058
-0.98821575
-2.0775107
-0.78789163
-0.95682433
-1.2111082
-1.8402332
-1.0431584
-1.5537153
-1.7333992
-0.72795003
-2.036648
-0.7195537
-0.88354467
-2.7659834
-0.29658447
-1.1124101
-1.3685941
-2.2972765
-1.4256953
-1.5975624
-2.0083016
-2.3050618
-1.7741629
-2.7528963
-1.7168348
-1.0155404
-2.4888853
-1.5057301
-2.3479821
-1.5275237
-1.3344041
-2.6014955
-1.7845972
-3.3134127
0.46742134
-2.8273465
-3.2745417
-0.20247555
-1.4303828
0.92501554
-1.7140843
-1.9459324
-1.6514331
-2.3331656
-1.6201461
-0.8180506
-2.5795366
-1.1680705
-1.4914745
-1.7835029
-1.4666073
-0.78719424
-1.3867169
-1.8981248
-0.98510708
-1.1121773
-1.9515586
-1.0112023
-2.442254
-2.4032209
-1.2824397
-1.1163115
-2.9884736
-1.1984513
-2.5839178
-1.26054
-2.3914051
-1.43981
-1.6712119
-2.6945475
-1.4164953
-2.1049866
-0.99283948
-1.9086868
-1.9681031
-2.0199715
0.22342469
-1.7209741
-1.0932974
-1.3331615
-0.31892403
-1.9072078
-1.9620843
-1.9770318
0.34226239
-0.85111949
0.36315078
0.86997289
-2.4132371
-1.4343581
-2.8306783
-0.40224898
-2.8752114
-2.2311828
-1.2151342
-1.6077568
-1.2052952
-0.085109987
-2.2522692
-1.8345222
-1.3231333
-2.2979368
-1.4678094
-1.9367855
-2.3686807
-1.7378834
0.12028797
-1.1493033
-2.6076921
-1.6329456
-1.706193
-1.8700589
-3.3639014
-1.747694
-1.6069336
-1.7739371
-2.0280353
-2.1274745
-0.90783583
-2.3101187
-1.6047244
-1.6527514
-3.2202773
0.47546585
-1.8856811
-1.7032037
-3.0645667
-1.9696946
-2.3853151
-1.9031699
-1.6802225
-1.8519319
-2.4695164
-2.4193481
0.16310184
