-1.0570318
-1.3050897
-3.006842
-1.6248353
-0.1845784
-2.4845111
-1.3634442
-1.3848192
-1.3602062
-2.3550376
-3.5073961
-0.82771506
-2.5716504
-1.9815534
-1.3970441
-0.48314725
-1.4657304
-1.9544098
-1.6666163
-1.3074006
-2.17545
-3.5297395
-2.5521234
-2.20674
-1.9160715
-1.9926767
-2.3398501
-0.95211511
-1.667521
-0.20875144
-3.3086171
-3.6143005
-1.2251269
-0.9378956
-1.9523104
-1.0168643
-1.4642252
-2.9137307
-1.688981
-2.4817314
-0.27481942
-2.2097523
-2.3213777
-0.74908771
-2.4118874
-1.6955039
-0.80023073
-1.2739366
-1.7699677
-2.0090604
-1.1654024
-0.34102187
-2.4490997
-2.083922
-2.6974824
0.9207428
-2.6313343
-0.86806675
-1.0130206
-2.1013092
-2.9734251
-3.6189712
-1.7932811
-1.6601699
-1.6794139
-2.3407364
-0.89583625
-1.7109309
-0.7966718
-2.175305
-0.18421305
-3.0831063
-1.5879391
-2.1646981
-2.641426
-2.3043895
-0.19402639
-3.356886
-1.9923404
-2.4074498
-1.7089491
-2.5441562
-1.5317151
-0.52252834
-0.96315835
-1.7145937
-2.0095768
-1.7007617
-1.273526
-1.7938343
-2.3367873
-0.60666365
-2.3656317
-1.7075749
-2.8297166
-1.7512376
-1.9248567
-1.8782531
0.23656373
-0.32972291
-2.7720568
-2.3269908
-2.4759024
-2.2544896
-2.2502006
-0.7422501
-2.3868447
-2.2136092
-1.7909444
-1.0681515
-1.1489353
-1.1343279
-1.5954316
-1.6245934
-1.4837713
-1.631659
0.5726927
-2.2481013
-2.5403472
-2.7156871
-1.0002809
-1.5335492
-2.4575786
-2.5552364
-1.474274
-0.67421565
-1.6783785
-1.2916284
-3.0237655
-1.1863286
-2.3718972
-1.3567079
-2.0188199
-2.9663807
-1.9267287
-2.3241987
-1.2916549
-2.8537907
-1.0480875
-1.1594839
-2.1782981
-1.9162885
-1.9886447
-2.8135469
-2.6785968
-3.1038182
-2.7588039
-1.7704007
-1.2409301
-2.6443633
-2.7525701
-2.1531741
-2.5464898
-3.0983223
-2.4293569
-2.1591707
-1.9230277
-1.577636
-1.553069
-2.0085738
-2.6284344
-4.0473639
-1.1676171
-1.5033714
-0.38852349
-2.6160625
-1.5020057
-2.4275277
-1.963545
-2.0615769
-2.1815332
-1.8267856
-1.6639067
-1.0141937
-0.90634534
-2.3246225
-2.6076896
-1.877284
-1.6539801
-2.3959346
-2.8668434
-1.7564391
-2.5565616
-2.1443184
-1.130431
-0.28620143
-2.1395829
-1.4116895
-1.7521072
-1.8949946
-2.2269009
-1.9635072
-2.7302572
-1.7187752
-2.2622941
-2.7155426
0.63401335
-1.2138585
-1.043621
-2.5317871
-2.7433959
-2.1004457
-1.59125
-2.1077149
-1.3369997
-1.5540634
-0.94111147
-1.9113748
-2.0891006
-1.7743213
-1.4670575
-1.3972208
-2.2375926
-0.54909904
-1.3005198
-2.5900612
-2.6432344
-2.5904876
-1.4883305
-1.2629476
-2.1929331
-2.6342934
-2.3059822
-2.5151273
-1.706707
-2.0285344
-0.81186505
-0.48253165
-2.9681735
-2.2346522
-2.4477187
-0.79019065
-2.734357
-0.6498372
-4.222368
-0.061392496
0.054493301
-2.173903
-1.5351235
-1.9996987
-1.7861285
-1.9851552
-2.384186
-2.3315181
-2.1424038
-2.903442
-1.5538511
-1.5296669
0.13112568
-2.178875
-1.6965415
-1.9601402
-2.6151974
-3.211341
-3.1163111
-0.24992724
-0.74317795
-1.7016769
-2.4876629
-1.6065667
-2.0435848
-1.70087
-2.1191093
-2.4474293
-0.90672178
-1.4449332
-0.9692837
-2.7017554
-3.4481348
-2.8482458
-2.7766684
-2.1064123
-0.58544386
-1.6588755
-0.44643698
-2.686112
-1.5853668
-2.1757618
-1.6298688
-1.7206553
-2.0111656
-2.2596635
-0.69933583
-1.0312985
-1.6043107
-1.3560264
-0.86289819
-1.347444
-2.4173147
-1.3258401
-1.9282225
-1.2666357
-1.4526446
-3.4084261
-1.0190984
-2.1630909
-1.3544451
-2.8769583
-1.4576653
-0.17715907
-0.96140852
-1.7024608
-1.3734328
-1.939212
0.38042233
-1.4231543
-2.0365053
-2.094173
-2.936843
-0.91839956
-1.8327569
-1.2379202
-1.3924806
0.11816389
-2.2215695
-2.3665657
-2.7076756
-3.2172384
-2.9301868
-1.7870305
-1.4404561
-2.8242016
-1.4151356
-2.6041348
-2.3733042
-1.9546449
-1.6356651
-1.2981947
-2.5565899
-2.0082127
-2.372345
-0.71962767
-1.3081169
-2.3174168
-1.702283
-2.1501072
-2.3368864
-1.8976762
-1.3059066
-1.4895604
-1.7322358
-0.91405898
-1.1181031
-2.354204
-1.4886569
-2.7163488
-1.2025339
-1.9004632
-3.7097554
-2.2710592
-2.4960558
-1.982213
-2.3874451
-2.17511
-0.40601202
-2.6546011
-1.4221578
-0.42995886
-1.461374
-2.5820576
-0.46321104
-2.4334455
-1.3645631
-1.8720788
-1.3907227
-2.5983561
-2.2110617
-1.8165428
-1.9805351
-1.4241087
-1.9423477
-2.0032846
-1.7185952
-1.8371771
-2.1843144
-1.3496528
-1.4339166
-2.0023837
-0.64751477
-2.2990384
-1.690702
-0.8037851
-1.9753338
0.016479598
-2.0026855
-1.2868173
-2.465565
-1.9577024
-2.037042
-2.9594129
-3.0051646
-0.79266045
-3.1007373
-1.3135455
-1.4142084
-1.6783234
-1.4634031
-1.216061
-3.3452627
0.21387383
-1.6696956
-2.3784674
-1.855742
-0.46759677
-2.0598243
-1.2973994
-2.8344394
-1.5186965
-1.117406
-0.2967834
0.330389
-1.874051
-2.2428074
-1.8127438
-1.6952043
-3.1428994
-2.77332
-2.015757
-2.654711
-1.4079012
-1.4347826
1.267655
-1.4667292
-2.0023802
-2.1134338
-2.346082
-1.7506799
-2.2657881
-1.3254247
-2.1846244
-2.0326483
-2.1406704
-2.4788253
-1.5757551
-3.0396756
-1.7282993
-1.2896624
-1.7944138
-1.7599206
-1.5907722
-0.96937379
-1.6371794
-0.77321073
-2.0638571
-2.1841001
-0.9773143
-0.88745485
-2.0065129
-1.3246334
-2.1755928
-2.304489
-2.5580596
-2.369977
-2.2649306
-3.4409405
-1.8062145
-2.061952
-2.2834059
-1.365235
-2.4551358
-0.90178339
-2.3265331
-1.6237192
-1.8125858
-1.9346616
-1.2928114
-1.5308933
-1.0120731
-1.7038997
-1.6840022
-0.024121613
-2.5353824
-3.0513489
0.55972542
-1.2762708
-0.98604991
-2.7744875
-1.754785
-2.955625
-1.2241429
-2.2845176
-1.3457805
-2.1167579
-1.5184548
-1.6505698
-1.8818824
-1.9788546
-2.6722157
-2.7767793
-2.2183757
-1.8028036
-1.6790305
-2.9266641
-2.7192472
-0.36044439
-3.0717401
-2.8603035
-2.2681817
-1.508768
-2.8017224
-2.6034935
-2.2921757
-2.6827412
-0.77765437
-3.2374722
-2.6881272
-1.2262245
-3.5855003
-1.5915138
-2.7246169
-1.9826753
-2.3774836
-2.7458289
-1.0990827
-2.1158163
-2.6790558
-2.8634605
-1.008714
-1.2411789
-2.6681815
-0.7576728
-1.0007039
-2.7125215
-1.1082642
-2.3375074
-3.0945803
-2.3018684
-1.0007432
-3.05998
-1.5790034
-2.908045
-2.2319933
-0.98381996
-0.53945361
-1.0483274
-0.0032083143
-2.5744621
-2.6293943
-0.62205825
-1.3600383
-1.2698314
0.33483012
-2.2332563
-0.8240392
-0.96831386
-3.372941
-1.6944756
-0.1594329
-1.5782545
-1.1197191
-2.2097399
-0.67799598
-1.308152
-2.3904575
-2.0906351
-2.6169321
-2.863736
-2.4448153
-2.5995313
-1.9077147
-1.8687363
-3.4909151
-1.2086375
-1.820683
-1.9920369
-1.7709066
-2.2791637
-1.5401521
-2.3628112
-2.246025
-2.8139276
-0.86454128
-1.5938354
-0.84123652
-1.648335
-0.94075018
-1.6959901
-2.433693
-2.1536294
-1.2819161
-1.7170039
-0.37702241
-0.93705191
-1.3153599
-3.5023846
-1.2274051
-1.0587238
-1.9197865
-1.5751079
-1.7716111
-1.4551157
0.14014194
-1.8847544
-1.9068345
-2.1602659
-2.6577032
-3.1040017
-2.228834
-2.9039951
-1.41185
-2.6004699
-1.4545816
0.94993566
-1.7424039
-2.3541806
-1.7906146
-1.1744847
-0.47821485
-1.0835669
-1.9263684
-2.2429343
-2.2581641
-2.6852908
0.053362993
-0.86994256
-2.0386273
-2.4193356
-2.7987156
-1.8875555
-1.3674991
-0.27987669
-0.6607503
-0.20525354
-1.82602
-3.3668284
-2.0976119
0.53496753
-2.6169877
-1.8010276
-1.9885178
-1.2402553
-0.96449385
-2.3337295
-2.2530347
-2.3617516
-0.20151502
-1.4204804
-2.3604826
-1.6134908
-2.5048286
-2.7645853
-1.944354
-2.9022515
-1.8358836
-2.3057632
-0.73781033
-0.99149676
-2.6448233
-2.6006733
0.48912758
-1.0606091
-1.9929432
-2.1003398
-2.604881
-2.2309911
-2.5144219
-2.6030109
-2.1672885
-0.28414524
-1.7840069
-2.6483893
-2.0766432
-0.70116851
-1.112645
-2.1096666
-2.0721813
-2.5787524
-1.00332
-0.95886686
-1.4996555
-0.95245999
-2.0817166
-3.0692045
-1.0250072
-0.94635826
-0.44031749
-2.9432628
-1.8383211
-0.13948824
-1.9309834
-1.8906797
-1.1311428
-1.9025041
-2.2906387
-1.9851163
-2.1363053
-0.41731149
-1.3154135
-1.617137
-1.3866204
-0.78636752
-1.2840203
-2.3194746
0.57034164
-1.0004645
-1.9165591
-2.6044277
-1.817956
-1.5047445
-0.89806582
-1.1274508
-2.5595797
-2.8010046
-2.5587448
-1.4859066
-2.8984775
-2.0594725
-0.29967637
-1.5372362
-1.6648484
-1.8868408
-2.3672058
-1.6980676
-2.1921927
-0.90972153
-1.4929216
-2.0598138
-2.2341787
-0.75884618
-1.5889524
-0.33104645
-3.0321572
-1.2151312
-2.1402134
-1.6297124
-3.4856768
-2.564751
-0.30516573
-3.0349362
-1.1944658
-2.2235925
-1.8136207
-2.2970819
-2.2490307
-1.7383586
-1.9418661
-1.4433898
-3.2336509
-2.5382418
-2.9937272
-2.0275209
0.8784193
-1.7177218
-2.404967
-3.1493177
-0.96800267
-3.2189673
-2.2337695
-2.0391899
-1.8359372
-0.5951182
-1.8659008
-0.036005323
-2.221595
-1.8212173
-2.2866806
-1.8510505
-2.3436928
-1.6174231
-1.8746672
-1.5164893
-3.39201
-1.9014335
-1.6520056
-1.9990428
-2.2762641
-2.3392252
-1.3702118
-0.81118467
-1.2704885
0.76551179
-2.2357173
0.1873103
-2.2281847
-2.9109582
-3.9892213
-2.9748564
-1.3442067
-1.3472918
-0.43411265
-2.2988211
-2.8810155
-1.8014784
-2.3836656
-0.62132778
-2.0011515
-1.4873831
-1.2203231
-1.7283991
-1.690956
-2.0089715
-0.78720508
-1.9675639
-3.7796341
-2.4923714
-2.6637214
-3.496307
-1.6282581
-2.8369299
-1.8457739
-2.4004178
-1.8392249
-2.0080753
-1.6048117
-1.328902
-1.447088
-1.823031
-2.191501
-1.1462352
-1.7422586
-1.5263039
-1.893078
-0.43158958
-2.1695274
-1.4942685
-2.7200451
-2.032839
-2.4718929
-1.8123006
-0.8807882
-2.3965791
-1.2906312
-2.5714398
-1.2494067
-2.0506954
-0.79377924
-1.868934
-2.2564482
-2.7336486
-1.4527036
-1.4424401
-1.1589202
-1.2410562
-1.3154007
-2.6152237
-1.3679884
-0.8739109
-1.257458
-1.7377078
-2.5189067
-2.7500475
-2.4002108
-1.3669706
-1.3691243
-0.86785208
-2.5279512
-2.8976835
-2.2953192
-3.4525347
-2.4400279
-1.1853828
-1.5758284
-1.8834047
-2.3977414
-2.2006894
-3.8737397
-2.0105638
-0.0021930825
-2.3153654
-2.1212425
-1.3833048
-2.6918632
-1.479886
-2.0832071
-2.5699113
-0.094740061
-2.1225576
-1.8872789
-1.9094055
-1.7476664
-0.75087071
-1.2257365
-1.0828128
-1.4676114
-1.3815612
-1.7123883
-1.5936773
-1.7984757
-0.18348134
-3.1487402
-2.9522881
-1.6284494
-1.4021572
-3.1758565
-1.8335802
-2.2360462
-0.33072498
-1.4593778
-2.647449
-2.0363001
-2.308554
-0.20123398
-1.6271321
-0.61353103
-1.4623977
-2.2763766
-1.4578657
-0.26353275
-0.067504023
-2.2583136
-0.2043198
-2.5596028
-0.88723225
-0.4155748
-2.9041077
-1.9775814
-3.090092
-2.5471814
-1.0944147
-1.4704241
-1.4240908
-1.4007101
-0.76538272
-1.0312481
-1.7727908
-2.5501561
-1.3925054
-0.8338908
-2.1747226
-1.227278
-3.2328463
-1.9217698
-0.89766803
-1.9329914
-1.2685093
-1.6864775
-0.65055747
-2.4489521
-1.6448513
-1.6623058
-1.5169365
-0.93834173
-1.512634
-2.829525
-2.0610424
-1.113866
-2.035889
-1.2728233
-1.4733
-2.2007338
-2.7804139
-0.9091983
0.30225064
-2.3016382
-1.1631732
-1.7696922
-2.9441647
-3.4071172
-3.0997643
-0.8251443
-2.2969127
-1.7458508
-2.0772869
-1.7431244
-0.075186334
-1.3913937
-2.4798741
-2.4701869
-1.075564
-1.448224
-2.8461442
-1.8816993
-2.0008149
-2.4802913
-2.4723651
0.65407876
0.21552314
-1.970008
-1.2572464
-1.0308678
-2.6710168
-2.254672
-1.877293
-1.5556603
-3.3332188
-1.9145367
-2.4331102
-2.1336972
-1.9243584
-1.521164
-2.5134642
-1.9835647
-2.7673876
-2.4053844
-1.4224654
-0.11621992
-1.4306698
-1.1101981
-1.4159091
-1.0860392
-1.7572776
-2.3174741
-2.1696427
-1.3188237
-2.3791202
-2.5229654
-1.5230832
-2.3939047
-1.7883099
-1.1101834
-1.7205887
-2.4254155
-0.91167503
-1.6618637
-2.3342481
-0.42670755
-1.0524055
-0.049906103
-1.5525528
-0.97934815
-2.681145
-2.2286377
-2.4706599
-0.42698539
-2.511705
-2.6055532
-1.2371803
-1.032178
-0.30799585
-1.3841338
-2.7011036
-2.0775754
-1.8642827
0.16306467
-2.1209279
-1.0653403
-1.5347604
-2.0938584
-2.5463977
-1.939769
-1.8877779
-3.142687
0.31908333
-1.2264678
-2.5147749
-1.1997644
-4.1717246
-1.925772
-2.4675447
-2.3182673
-2.6092266
-0.5771749
-2.2214332
-2.09228
-2.1173698
-1.1566216
-2.2970647
-1.023903
-2.474512
-2.2086904
-2.0419972
-1.4907015
-1.0856809
-1.3142134
-1.0737398
-2.9017024
0.77341871
-3.3755358
-2.5289611
-2.9796927
-2.2845915
-2.4445506
-2.3555205
-2.1830004
-1.7369218
-2.1328107
-2.0930639
-1.9662473
-0.50335495
-0.51495224
-2.4358232
-2.4119377
-2.3514084
-4.4272209
-1.0466394
-1.262032
-1.8258795
-2.304285
-1.692358
-1.3445144
-1.508939
-1.7837492
-1.9897883
-2.5584802
-0.28788694
-0.64991563
-1.0905341
-2.1686635
-2.2423949
-2.9386987
-1.2616422
-1.4875288
-1.1738916
-2.7951293
-2.5480588
-1.5377115
-1.7240603
-0.57280787
-0.55747553
-1.0639019
-2.9001393
-2.4404386
-2.3030083
-1.3846675
-1.8935849
-1.4341118
-1.5556788
-1.0339198
-1.9359763
-0.75621982
-2.9956354
-1.7617835
-1.2724391
-2.2750572
-0.10367899
-1.5724582
-1.2345673
-1.5573518
-1.9568209
-2.2955316
0.62837801
-2.4937103
-1.9105979
-2.2289865
-2.337671
-1.9593432
-2.113551
-1.6579428
-1.6951446
-2.4134706
-2.4286044
-1.3705814
-2.6280501
-1.8411693
-2.3510686
-1.3978643
-1.7984794
-2.007351
-1.3199281
-2.021266
-1.9189262
-2.5216008
-0.93725456
-2.2206934
-1.8422639
-2.3856513
-0.69931394
-1.5561256
-1.3826543
-1.3301572
-1.7122528
-0.472772
-1.6056928
-0.72130825
-0.99967221
-2.3535906
-2.3509946
-1.1860911
-0.50526405
-1.5597158
-3.3135867
-2.044351
-2.2714472
-2.3506587
-2.8966561
1.1706507
-2.0242098
-2.1508312
0.52327279
-1.4660448
-2.0850902
-0.60587346
-1.5734644
-2.7306325
-1.6148498
-1.0472659
-1.7104891
-2.3958576
-2.8445433
-2.0632834
-2.1802992
-1.5763057
-1.129661
-3.7232492
-1.9464071
-1.059487
-1.0906843
-0.68943666
-0.16130717
-2.3558164
-1.2992167
-2.3226591
-2.6789747
-0.47724982
-1.9517594
-1.8288561
-1.1344417
-1.1686278
-1.346099
-1.4164715
-0.54317653
-1.6721433
-1.7433203
-0.80669315
0.27357906
-1.9384541
-1.7687524
-0.73151977
-2.044871
-3.226846
-1.0369275
-1.5274896
-1.9895927
-1.6527729
-1.6486767
-1.8017311
-1.127031
-3.4207043
-2.4681196
-1.7851872
-1.3257672
-2.0838616
-2.2018733
-1.4690505
-2.6668527
-1.4406375
-2.1097512
-2.7943039
-3.8082455
-0.89861485
-0.32142587
-0.64902152
-0.42539257
-0.6326351
-0.081986341
-3.1819482
-2.2102974
-1.6458457
-0.72360064
-1.9455186
-1.1690688
-2.4808529
-1.4164216
-2.3149508
-1.3964934
-1.562071
-1.3118228
-2.2551576
-1.2876969
-2.306479
-1.1984752
-1.0486654
-1.9606645
-1.8663898
-3.0525457
-1.9645109
-2.3665274
-2.1719772
-2.9598069
-2.0193449
-0.83793948
-1.4359327
-1.4075066
-1.8813453
-0.49591078
-2.1244198
-3.2213838
-1.1869994
-2.4268061
-0.70598237
-1.8380891
-1.5823827
-2.2013568
-1.1835135
-1.205739
-1.2813368
-1.824183
-0.57242401
-1.6156765
-2.350039
-1.2587692
-2.1933211
-0.63938224
-1.9184661
-2.0787181
-1.6008892
-2.402337
-2.044379
-2.4755435
-2.3661742
-1.4041647
-2.5277826
-1.3660461
-1.6136575
-1.1860022
-3.3671969
-2.1074077
-2.5268513
-1.7609759
-0.55337749
-2.9992742
-1.1987777
-3.256231
-1.0077709
-2.449779
-1.4389022
-2.9514377
-2.4873973
0.92396023
-3.1862882
-2.6105332
-0.88075806
-2.1653932
-2.5503563
-1.7738734
-1.9943775
-0.97061189
-2.2838407
-0.35867118
-2.2635048
-3.0214538
-2.4075333
-2.2364779
-2.3129193
-2.6771424
-1.9028439
-1.781328
-1.6368846
-1.5045897
-1.2120208
-1.8597395
-1.8074325
-2.7773847
-2.8512739
-2.3756318
-1.0983332
-0.92580331
-1.2666625
-0.7318863
-2.2400383
-1.0618802
-2.4153452
-0.18704429
-3.2426689
-1.7671239
-1.9655438
-0.38047093
-1.0935569
-2.9289135
-2.3088544
-2.5993732
-1.186129
-1.2379658
-2.4459944
-1.0384126
-1.9827745
-1.0030622
-2.1886781
-3.1242078
-2.2619199
-2.593209
-3.3152635
-1.1641305
-2.7783496
-1.7461215
-1.5435639
-1.1167375
-0.46085361
-1.8186641
-1.9212086
-2.2704396
-1.9101981
-1.5107235
-2.3709975
-1.2539395
-1.0005039
-0.95254096
-2.4986753
-0.84902928
-1.0747942
-2.1713313
-0.94077827
-2.7202247
-1.3867363
-0.75165048
-1.7677016
-1.8117956
-1.5664794
-0.028910908
-1.3463137
-3.0848848
-2.8563205
-0.96854982
-2.3369422
-1.9698784
-0.0095239264
-1.7178521
-0.85054688
1.2014779
-0.40024012
-2.3607723
-3.204716
-2.9375336
-3.523901
-2.1211058
-1.8438192
-2.7349708
-1.6124005
0.36395045
-1.2932848
-2.0622095
-1.6581985
-3.5113682
-1.9244118
-1.1806503
-2.7618717
-1.5739421
-1.0614728
-2.5761822
-2.0247677
-1.9995398
-1.6718814
-1.8178394
-1.5628437
-2.8676199
-1.3089043
-2.1054975
-2.5142535
-2.2551187
-1.9943358
-3.5583553
-2.4096807
-1.8158746
-1.1926683
-1.8029021
-2.4881221
-2.1223463
-2.9629588
-1.8113771
-2.0934327
-3.1719701
-1.0868765
-2.3467068
-1.3278813
-1.7074837
-1.5394429
-1.4544091
-1.7525168
-1.5400804
-1.1614808
-2.4553981
-1.032918
-3.0868277
-1.3545616
-2.0874158
-2.616904
-2.2110773
-3.5263377
-2.454517
-1.8372722
-1.2655463
-1.8234243
-1.8785437
-2.2127212
-1.9442726
-1.9333831
-1.5369455
-2.2819433
-0.91092086
-1.011681
-1.8687401
-0.59865676
-1.7433238
-0.70273459
-3.1471188
-0.92017457
-1.3696805
-4.3021775
-2.0123846
-0.9102828
-1.7154345
-1.5418636
-2.8259059
-2.4231792
-1.4370192
-2.3646033
-2.5142229
-2.4633435
-1.4750471
-1.7674121
-2.4767728
-2.2498846
-1.837225
-1.8680079
-1.6026558
-1.8453079
-2.7830046
-2.4276798
-2.087457
-0.99974759
-3.1316138
-2.1103738
-1.582143
-1.5463514
-1.5354366
-2.1550473
-1.4238056
0.66833757
-1.7750855
-2.1862211
-1.810931
-1.1355684
1.0255375
-2.2112225
-2.3635519
-2.3922403
-1.7114444
-2.1021677
-2.0463702
-2.0389586
-0.6422215
-1.1113942
-0.48982851
-2.7757599
-2.0158906
-2.4085931
-1.0978196
-1.5922237
-2.9474534
-2.2507921
-0.83547681
-1.3378001
-0.35598802
-2.1599838
-1.9168084
-1.8710069
-2.4237818
-2.7559004
-1.7480201
-1.0904262
-1.6615505
-0.70317502
-2.0004136
-1.6275289
-2.4205123
-0.60030038
1.2310194
-1.8987267
-2.6944341
-1.835755
-0.47687499
-2.3003213
1.2131107
-1.875374
-1.4484213
-1.7961529
-1.7586796
-2.0052796
-1.3121248
-2.2956798
-0.85633711
-2.5869862
-2.5525158
-1.837346
-2.1437235
-2.2766149
-2.0507855
-2.230372
-1.6146853
-1.5922504
-1.2276633
-1.9679658
-0.12968081
-1.2848011
-1.5098063
-3.5729299
-1.8276412
-2.1797182
-1.1598114
-1.2461231
-1.6613881
-2.4483906
-1.6482066
-2.404665
-0.12673439
-1.2115178
-2.6573353
-1.2639141
-0.21419882
-2.376617
-0.52115368
-1.3320148
-2.726131
-1.0001421
-1.685638
-2.8041554
-1.6957766
-1.7282787
-1.8309441
-1.9594705
-2.0665591
-1.2767457
-2.1639317
-2.1173446
-1.7517779
-2.363663
-2.0802391
-2.0779488
-1.8013519
-2.1872147
-2.205784
-1.8835687
-2.6875795
-0.90183728
-2.2126724
-3.3953313
-2.1846014
-2.4442795
0.033629784
-1.4892122
-2.3014095
-0.74247538
-2.2656942
-2.6447988
-2.7591767
-3.6833922
-1.2587254
-1.5993102
-1.1981286
-2.7477548
-2.247962
-1.051984
-1.4611263
-1.2118073
-2.0313966
0.048573259
-0.90166082
-1.4422781
-1.7058469
-0.25058675
-1.9536027
-3.6039057
-2.3033632
-1.2621506
-1.2250358
-2.6068559
-2.0348864
-2.367413
-2.742711
-1.7792626
-2.6371504
-0.49056309
-1.4033229
-0.012952059
-2.0597873
-2.3256642
-1.8116536
-3.3318339
-2.830536
-0.0741651
-1.5194468
-1.2115046
-3.0847367
-1.2731058
-3.0953232
-2.2733126
-2.1126732
-1.8544523
-1.9048626
-2.5665631
-1.4482539
-2.1878249
-1.3479541
-2.3196538
-2.2301028
-2.2210287
-0.50427336
-0.97366402
0.44100105
-3.0899583
-1.625412
-2.8104108
-2.8571325
-1.4796672
-2.0368554
-2.908134
-1.9025213
-1.5995526
-2.917015
-1.7130507
-0.85415895
-2.8713327
-2.189854
-0.95145521
-2.2726665
-2.3713616
-2.0129439
-1.2951173
-1.0257245
-2.3720704
-2.3777807
-2.6907743
-3.0998812
-1.2842027
-0.86446415
-1.725461
-1.7397847
0.19172518
-0.89526985
-2.6833573
-3.1856396
-1.1093654
-0.023452775
-1.7786193
-2.1159645
-1.7919636
-3.1780282
-2.4594989
-1.7372629
-2.4059007
-1.8395999
-1.9318051
-1.0411451
-0.16562716
-1.5305884
-1.6618074
-1.0661793
-4.2119225
-2.4689076
-0.93316524
-3.2583446
-0.58232363
-3.2241846
-1.9878082
-1.4579408
-1.6022853
-1.7175341
-1.6925072
-2.1428708
-0.31203631
-1.3957097
-1.9413502
-2.1963146
-2.1862084
-0.95474566
-4.0480279
-1.2553524
-1.1717332
-1.3584977
-1.8687221
-2.3352518
-2.2494962
1.1976003
-0.97259478
-2.5956918
-1.6987536
-2.8093803
-2.1813995
-1.3590549
-1.1476052
-2.7320179
-0.87598088
-2.0125248
-1.3510341
-2.2566521
-2.2296724
-1.0137594
-1.0976761
-1.7255316
-0.074198139
-3.5017358
-1.3439845
-0.849553
-0.62500729
-1.9070282
-2.5211557
-1.6817428
-1.5415877
-1.9576806
-2.3879847
-2.5431321
-0.7233477
-0.81920006
-2.4241049
-1.1338065
-2.461102
-2.6460086
-2.1093308
-1.6972758
-3.0359569
-2.181444
-0.9592309
-1.0919867
-1.9706491
-2.490739
-1.3661939
-3.1717308
-2.9921805
-1.151265
-1.0970142
-1.5266247
-1.6306588
-2.2399551
-2.8071168
-1.5881263
-1.4097881
-1.2334653
0.69096749
-1.768019
-2.6413851
-0.40705605
-3.4238749
-1.0481374
-1.7467228
-3.110173
-1.7967776
-1.5030141
-1.586397
-2.3881469
-1.5273748
-2.1503652
-0.39697371
-2.0816556
-1.7256658
-2.6389366
-2.1919644
-1.4707652
-1.7159876
-2.679198
-1.5597052
-0.33133516
-3.1583704
-1.6094992
-2.131739
-2.4293161
-1.1071707
-2.8143654
-2.1829662
-0.82521206
-1.1524091
-1.126636
-2.895913
-1.4249295
-2.1734295
-2.1798656
-4.002816
-1.8845068
-1.7229141
-2.3654388
-1.9067275
-1.6350917
-1.8599121
-1.6662256
-1.280799
-1.7814813
-1.8691856
-2.104036
-2.2251359
-1.2091151
-2.237437
-2.7477334
-1.426989
-2.5504769
-1.6158274
-2.2711318
-3.0690605
-1.4207258
-1.6491154
-1.7376037
-1.6336124
-2.9439993
-1.90254
-1.3076932
-1.9608411
-3.3739891
-2.8395249
-2.0362261
-0.14440372
-2.3873235
-3.2762734
-1.7734836
-1.1874018
-1.7166843
-2.4128416
-3.334492
-1.9848357
-1.9664428
-1.8823665
-0.04226222
-1.0038109
-1.7948325
-1.3204603
-0.77582828
-0.4872185
-1.5301835
-1.5983224
-2.7413167
-0.56717061
-2.1539583
-1.2025252
-2.4880185
-0.26707094
-1.9228696
-2.6767324
0.089344574
-2.2512908
-0.14271469
-1.4945375
-2.3281194
-2.5823572
-1.5488148
-2.3812765
-1.8411178
-1.7130732
-2.4457053
-1.6723517
-2.4610949
-3.2616851
-1.9177137
-0.81962162
-3.1297705
-0.91945013
-1.9538135
-0.95576722
-2.8465302
-1.8202177
-1.3037325
-1.5111144
-2.2172868
-1.8271739
-1.4123963
-1.3751054
-2.6703605
-2.3140464
-1.0837681
-2.2489379
-1.5767503
-0.57291357
-2.2438123
-2.0872508
-1.7862998
2.0993301
-2.0745038
-2.3077796
-2.4292507
-2.2381217
-2.1837471
-2.7091436
-2.3303501
-1.4150669
-1.489826
-1.6143872
-1.2883254
-2.5803105
-1.7859351
-2.2348097
-2.2100787
-2.5381167
-2.4563202
-2.6088576
-2.6940812
-1.4553662
-2.0629861
-1.8332858
-1.5912799
-1.138032
-2.9834855
-0.99438358
-2.3307203
-1.8880561
-1.5997305
-1.1597484
-1.5653806
-2.1103934
-2.0026617
-1.692322
-1.2124463
-1.036607
-1.3220862
0.66177176
-0.97706371
-2.2940794
-2.9947899
-1.514003
-2.3945032
-0.7173218
-1.4921204
-1.7092783
2.9474843
-1.8105648
-2.3022346
-1.4949102
-3.6651361
-1.6736453
-1.2349181
-1.8388534
-1.8304209
-1.2800505
-2.818114
-2.2097726
-0.032529597
-2.4363354
-2.5009344
-1.4031219
-1.6068552
-2.0024777
-1.4996521
-2.8920264
-1.3733844
-1.8265623
-2.1410028
-2.120503
-1.8343826
-0.4477805
-0.9626604
-2.1870443
-1.6261651
-1.0890456
-1.3899297
-2.5332213
-2.7218206
-0.83745303
-0.38586814
-1.573231
-0.94720178
-2.0411447
-1.8278362
-1.4945065
0.4002668
-1.5717572
-2.5531035
-2.8224918
-1.4902187
-1.6459219
-2.9085953
-1.0655007
-0.61639828
-1.6682555
-2.0850917
-2.8321416
-1.3098676
-0.8856062
-2.7901334
-0.93751234
-2.3509581
-1.107794
-2.8119004
-2.1427222
-2.2659383
-1.8084997
-1.4397377
-1.6030663
-1.8738697
-2.5683124
-3.4493082
-1.9600779
-0.83625642
-2.9340361
-3.1422435
-2.0944034
-2.5260594
-2.6335154
-1.8492984
-0.80302527
-1.7246323
-0.14223162
-0.76218782
-1.1206443
-1.4185465
-1.1721589
-1.1073403
-1.8997026
-2.2765788
-0.99970416
-0.96447593
-2.4125057
-2.1256429
-2.3673405
-2.4103489
-1.0400352
-2.2525798
-1.7293463
-0.88856717
-0.036858953
-2.9031066
-0.8167001
-2.0020877
-2.1993241
-1.9415615
-1.4784977
-3.0211267
-0.67379541
-3.0452657
-1.8461277
-1.2823124
-1.8267776
-0.10553871
-2.0334104
-3.0357631
-2.5506506
-1.6833254
-2.2766087
-1.2738298
-2.545242
-1.5304254
-1.5722725
-2.0492828
-1.8656089
-0.56232346
-0.73697757
-1.4779478
-2.2575775
-2.318911
0.10019421
-2.3154931
-3.1695899
-1.3093595
-0.52385082
-2.3217564
-1.2809118
-2.752331
-2.7790507
-2.334953
-1.1933438
0.36365299
-0.71928798
-2.2254802
-1.4431959
-1.2272223
-2.0239369
-2.9641918
-2.3230757
-1.2634271
-1.6063051
-0.25112372
-1.9793705
0.42904398
-1.400042
-2.3630604
-2.6478988
-1.4567658
-2.3818155
-1.6529578
-0.76472679
-1.8036796
-1.9877288
-2.3867233
-2.0582237
-2.2009384
-1.2439489
-2.4467983
-2.5205882
0.24806781
-2.3379698
-2.4887932
-1.4181612
-1.4155828
-1.8123009
-1.7270566
-2.2506949
-1.5576448
-0.98304125
-0.73041031
-1.6648978
-2.0592573
-2.1898329
-1.9773271
-0.048042482
-1.5051002
-1.5256372
-2.2730405
-1.0002612
-2.3429081
-1.5408676
-2.5456428
-1.7539997
-1.7143979
-3.1654882
-0.74784648
-2.1052176
-0.32474789
-2.2667262
-2.3231103
-2.3309252
-2.8021908
-2.1014346
-1.0005976
-2.4828407
-0.16651357
-0.94664254
-2.171157
-4.0302027
-0.99929787
0.1154761
-1.3297849
-2.6963351
-1.0062539
-1.1382083
-2.9314
-2.0412684
-2.0229825
-1.1208754
-1.0104726
-1.6903834
-2.5454462
-0.90294485
-2.3994941
-2.7869557
-2.4898218
-2.0486195
-0.71772574
-0.95627823
-2.3531974
-1.4270495
-2.908191
-1.6820096
-2.1001601
-1.3290967
-1.2446928
-1.5492054
0.93786773
-1.5810529
-2.0991403
-1.8928447
-0.068765444
-1.8283779
-2.2665933
-1.2843585
3.0813738
-1.9308177
-1.5183991
-2.4896163
-2.9041143
-1.9655193
-1.353656
-0.79921766
-1.9305355
-2.3024342
-2.7218534
-1.4136672
-2.1088661
-2.8182933
-2.0157901
-2.6447332
-1.4372993
-1.8988477
-2.7070312
-3.344081
-0.55522095
-2.1713093
-1.8737908
-2.7570955
-2.7663627
-2.7180379
-1.7679741
-2.4586279
-2.9752272
-1.7186878
-1.0057505
-2.1958371
-2.9704177
-2.4133642
-1.8879053
-3.6602801
-0.31295239
-1.5122966
-0.80154345
-1.3689464
-3.0361622
-3.0343119
-2.8910976
-1.7750574
-1.3594501
-1.2515207
-1.8112304
-1.8076846
0.27944915
-1.2473511
-2.2950766
-1.7393346
-3.0185111
-1.4927616
-1.8024104
-2.4750672
-1.1922469
-1.770162
-0.5660333
-0.80460876
-2.7934059
-0.54286187
-2.2253215
-0.92539217
-1.1485097
-2.0285905
-0.50217971
-1.1691883
-1.2956503
-2.3808536
-2.063573
-1.9846881
-0.73716645
-3.5236368
-3.1491228
-0.23777754
-1.5141109
-2.0738971
-2.7118885
-1.1905613
-2.126044
-2.5523009
-1.9700852
-3.1456545
-2.3348195
-2.0328133
-2.4648872
-0.10472812
-2.3700235
-2.0594039
-1.4079176
-0.5278915
-1.7264173
-2.0873846
-1.3606764
-2.6174694
-2.5599577
-1.8993463
-0.10178035
-2.5631745
-1.8908823
-0.63413953
-2.4842255
-1.868328
-1.0805845
-1.5508039
-3.3852941
-3.1899077
-2.2586968
-2.2070698
-1.4701307
-2.2441518
-1.3902589
-2.5313332
-1.9245441
-2.8598843
-1.544636
-2.2805406
-1.4817202
-2.0763375
-1.4002209
-1.4224219
-1.6756287
-2.4607622
-2.328099
-1.7804481
-2.2782799
-1.5848745
-0.81049429
-0.47807929
-1.8924769
-1.9277996
-2.5435711
-2.0652342
-1.1799264
-1.6045669
-1.2345296
-1.7069028
-1.9544987
-1.8616809
-3.0516601
-0.45262663
-1.5502403
-1.0157729
-2.4698339
-2.8104889
-1.4114877
-3.4159897
-2.3236166
-1.7238435
-1.2999861
-2.7735253
-1.6525836
-1.8731361
-0.96932038
-0.80451896
-1.4511654
-1.8326973
-1.5646937
-0.9615117
-2.3670288
-0.41440029
-0.50414451
-1.4486348
-1.5708354
-1.3300517
-2.7884944
-2.9359202
-1.709476
-2.5967682
-1.3067686
-2.2500696
-2.7369978
-2.1232399
-3.1630774
-1.5860708
-2.1848278
-2.7618725
-1.9159002
-2.8342531
-1.4622063
-2.0950825
-1.5380177
-2.9020569
-1.6293626
-1.5281798
-1.8216125
-1.9635265
-2.0739748
-2.7734601
-2.9019945
-2.086812
-1.9966235
-1.7723323
-1.0827152
-1.180519
-2.1508945
-3.1196567
-2.363403
-1.8140751
-2.0918604
-0.90369131
-1.4082112
-1.3762949
-0.57555002
-1.2960251
-1.7052991
-1.8155129
-1.5936066
-0.042402142
-1.6588877
-1.6876123
-2.1483869
0.39178026
-1.469169
-2.2620549
0.71502143
-2.2813808
-1.8755426
-0.5929645
-1.2661805
-1.6630249
-1.5928457
-1.0101534
-1.861671
-2.1580305
-1.4704758
-3.0998133
-2.2844176
-2.544233
-2.6457072
-0.97682193
-1.0146566
-0.33081894
-0.67424148
-2.798474
-2.5498043
-1.3379622
-1.3874755
-0.23818109
0.50546391
-2.8554454
-2.1437693
-1.5047286
-3.6282618
-2.7702623
-2.4526796
0.065762855
-2.2902976
-1.1269875
-2.0475196
-2.7984058
-1.9918614
-1.9146952
-2.1005654
-2.2200479
-1.9667676
-2.4123273
-1.3496561
-1.6432781
-2.9160752
-1.7646682
-2.7280534
-2.7307384
-1.8759322
-1.9039059
-1.5904819
-2.5052796
-1.2352025
-2.5377052
-1.845231
-1.0611465
-2.7744938
-2.375902
-1.1945256
-2.3418391
-2.6936185
-2.5617676
-3.5959473
-1.3728553
-0.86370189
-0.99957593
-1.2337222
-2.2182155
-1.3804121
-2.8874073
-1.5393962
-0.99312382
-1.5821041
-1.2487511
-1.6290293
-1.4508327
-0.66614712
-2.1170487
0.48939304
-0.032372852
-0.35323493
-2.0284205
-2.5146824
-0.87818942
-0.93960084
-1.5018039
-2.7490614
-3.951202
-1.7360842
-0.4802466
-0.43751012
-2.2069935
-1.8694354
-2.7818468
-0.270178
-2.0358424
-1.9603754
-2.1515994
-2.0287237
-3.2691233
-1.6095257
-1.2917139
-1.0270091
-3.4361047
-2.2726842
-1.3653984
-2.4197047
-1.3420029
-2.6124309
-1.78949
-0.5300087
-2.2208318
-1.1565776
-2.1165989
-1.3930264
-3.0660577
-1.2240878
-2.7973347
-1.8727836
-1.3315133
-3.1260837
-1.8890044
-3.0269354
-0.09218061
-3.0361657
-2.1456793
-1.4097503
-2.8915354
-1.8704376
-1.5433436
-2.6469983
-2.4920545
-2.4509845
-1.090347
-1.0840681
-1.3045271
-1.3858924
-1.4265618
-2.0091169
-2.2602504
-1.6317529
-1.5490995
-2.3017032
-1.7982162
-1.6742154
-1.5815167
-3.3391527
0.24761571
-2.1283104
-1.8462357
-1.7666329
-3.0130721
-3.2085784
1.5910227
-2.9942581
-1.0599691
-1.5754367
-1.5077592
-0.4608439
-1.5820281
-2.6518142
-4.0725553
-1.4084024
-1.5618629
-2.7617469
-1.8470018
-1.7031459
-0.97665306
-0.5178271
-0.79475155
-2.6785273
-2.1628845
-2.9599208
-1.7259297
-1.960136
-1.795732
-1.0675019
-0.82383915
-2.931854
-1.0021254
-0.56965712
-1.7550309
-1.9182638
-2.6511342
-1.4128435
-2.3568191
-1.7699188
-2.8545006
-2.176245
-1.7968243
-2.6006794
-2.5293072
-2.1477412
-2.4856095
-3.0391161
-1.7195008
-1.259997
-2.2605387
-0.28031318
-2.3291386
-2.500014
-1.5801852
-1.5668202
-0.51584886
-1.1004807
-2.9268919
-2.2821207
-1.3179305
-3.1021285
-1.7564028
-1.3754861
-2.0336902
0.42733977
-3.0836728
-2.1587322
-2.1864876
-1.1809025
-2.1230838
-3.9766898
-3.5346762
0.36914694
-1.8644581
-2.5110869
-1.2869371
-2.0071934
-1.5718548
-1.9961872
-3.036622
-2.0921536
-1.4823396
-3.425279
-0.22835174
-2.5816546
-1.6378642
-0.98869795
-2.1501003
-1.8220244
-1.4740055
-1.5162624
-1.1645864
-2.2939855
-0.94375563
-2.4814911
-2.2245882
-2.4541101
-1.2676395
-1.0594851
-2.5006861
-1.9847791
-1.4718896
-1.4511772
-1.9941353
-2.3720455
-2.0575007
-3.6112022
-1.6562491
-2.6593156
-1.7585715
0.26662163
-2.6292128
-1.26213
-3.1978435
-3.1143739
0.042681142
-4.4288448
-1.6994129
-2.3005857
-2.451291
-2.9477106
-1.532843
-2.3084181
-1.2683171
-0.91611483
-0.80003762
-2.3510722
-2.222243
-1.9674994
-1.7266777
-3.2711227
0.50470354
-1.2224077
-1.0531771
0.15551807
-2.0648729
-2.6116703
-1.9065767
-1.0424762
-2.439739
-1.9552349
-0.34424125
-2.1039046
-2.3524802
-2.6474275
0.14703394
-1.9203022
-2.1963233
-4.004857
-2.0222018
0.24871155
-2.6069513
-1.5971872
-1.5061614
-2.5483188
-3.089986
-2.5170121
-2.2325992
-1.5571025
-2.0015513
-1.2430796
-0.56757421
-2.2424156
-3.1259744
-1.6933484
-2.0115824
-1.9657658
-0.99443261
-1.3126631
-1.5213291
-1.7631185
-1.7919159
-2.6582726
-0.94981635
-1.248235
-2.2976254
-2.3976444
-2.3781327
-1.6825826
-1.7532604
-2.7911571
-1.2127864
-2.2588667
-1.9926736
-0.99701303
-2.7759922
-2.0233184
-2.8821962
-2.4612418
-0.80861099
-3.0508396
-1.8442065
-1.1915748
-3.2104639
-0.89546618
-2.3294201
-2.6605363
-3.2857753
-2.5507375
-1.3173047
-1.0264316
-2.6741574
-1.444853
-1.8658035
-0.13576074
-3.9097292
-1.9255056
-2.0946489
-1.6427506
-1.3581498
-2.254798
-2.3098323
0.11165194
-2.8024362
-2.7950164
-2.0374982
-2.3675817
-1.5158869
-1.8819795
-2.5817031
-2.8808005
-0.80968417
-1.6625359
-1.1396626
-2.7594143
-2.5642939
-0.5966553
-2.2223991
-1.1730769
-2.7645982
-2.6170646
-1.0207086
-1.1494653
-2.6047942
-1.4283022
-0.7695585
-1.9388909
-0.9997959
-2.8161036
-1.6945471
0.31778068
-2.5288491
-1.6290966
-0.70252909
-3.0450317
-1.7798623
-2.4117459
-1.19716
-3.1446278
0.48726667
-2.1258329
-1.890165
-2.3875621
-1.3018442
-1.3765141
-2.7317386
-2.5155663
-2.0418374
-1.5597952
-2.1023542
-1.2599893
-1.8775493
-2.4218452
-3.2395781
-2.1620668
-1.8553784
-1.6164504
-2.5888207
-2.3136704
-2.0718787
-2.8162689
-2.1926657
-1.3646754
-1.2607508
-0.6163329
-1.7185524
-2.4794594
-1.7635106
-1.4791072
-2.7062027
-2.0474617
-1.9025655
-1.1221349
-1.8647858
-1.9284392
-1.765538
-2.1565213
-1.9124844
-2.5556402
-2.1861763
-2.800073
-1.0126676
-1.9147734
-2.0824451
-1.9919969
-1.5081502
-2.6931312
-0.78469531
-0.49237657
-1.3215123
-1.683196
-2.1153523
-2.3957562
-1.3166212
-2.4397447
-2.1840433
-1.7710375
-1.6763955
-0.5875365
-1.4657612
-1.1740822
-4.4546704
-0.62442809
-1.2792477
-2.9934763
-1.6421709
-1.7110203
-3.1868372
-2.6576492
-3.2051742
-0.91976309
-1.8914093
-2.0927439
-1.1493699
-1.6912986
-1.9950127
-1.5154515
-3.1010545
-3.2176871
-0.66085659
-4.4125706
-0.71902294
-0.89432819
-2.3024119
-1.2252407
-1.8664483
-1.33605
-2.6827524
-1.8443494
-0.87595113
-0.93916611
-1.1575637
-0.21635799
-1.7624438
-3.0856848
-2.3928884
-2.2898331
-3.6564002
-1.6785109
-1.6652778
-1.5473441
-2.3975922
-2.6629795
-2.4336037
-1.6361344
-0.42900171
-2.3449176
0.51804311
-1.6918781
-1.5176907
-2.3012749
-0.8312455
-2.7091225
-2.2451244
-1.0793989
-1.1283237
-2.0191086
-2.5240738
-0.18239155
-0.97972964
-0.58581372
0.40673893
-1.2533377
-2.4599071
-1.2306562
-3.4175258
-2.3746783
-2.0738847
-1.6513486
-1.7909584
-2.0068699
-2.0805966
-1.0011239
-1.1196851
-1.7703985
-2.3572687
-2.1196477
-2.5807603
-1.5371659
-1.8596332
-2.2046806
-1.5235074
-1.9331911
-2.9671438
-1.8976991
-2.3778743
-1.373912
-1.8038528
-1.293761
-1.4657262
1.1161557
-2.7606658
-1.1655554
-2.2318698
-1.927189
-2.4993642
-0.82304715
-1.2379847
-0.1536396
-0.48421657
-2.9922518
-1.693563
-3.6413387
-1.124533
-1.8410756
-1.2449495
-3.1968596
-1.641743
-1.3451244
-2.2782724
-1.6409147
-1.9466893
-2.2892679
-1.1433224
-1.4294538
-1.6485845
-2.2085811
-2.581451
-1.7533713
-2.1961357
-2.5353704
-1.3892338
-1.1276131
-2.1650514
-0.81820001
-2.6094005
-1.4862279
-2.965929
-2.168355
-1.3738389
-1.2030622
-2.4148285
-0.26539837
-0.79337876
-1.5735243
-1.3948036
-2.0814899
-0.56773032
-1.9231427
-1.6218591
-1.318181
-2.1038322
-1.7102561
-1.6291816
-1.8586218
-1.4964299
-0.94659254
-1.7090328
-2.3626137
-1.9431064
-1.342304
-1.6746785
-2.7898863
-2.2395534
-2.1512537
0.25869954
-1.9647024
-1.7887431
-1.0262407
-1.847591
-2.405221
-2.0039035
-2.6505036
-1.2786426
-1.7134832
-1.2080583
-0.54056294
-0.4801021
-1.3421737
-3.4700094
-1.4133361
-2.7215353
-1.272413
-1.7983159
-1.7822244
-1.526005
-0.94691071
-1.8757813
-1.9301284
-1.5611688
-2.0313956
-2.7926491
-2.3484952
-0.75909079
-0.5429288
-1.6425058
-1.1496185
-0.84455148
-2.1011739
-1.8924978
-1.5415068
-1.7156445
-1.2673325
0.84448492
-2.4993688
-0.62059643
-0.86477192
-1.4177583
-2.1465533
-1.923019
-1.8464713
-1.3026275
-0.39073206
-1.4661851
-1.9695535
-1.6718778
-2.8348999
-2.0848765
-1.6089218
-1.531509
-1.9719176
-2.3958136
-1.7476071
-1.859172
-0.085034497
-3.5836858
-1.821577
-0.32467677
-1.6372401
-2.2971908
-1.736422
-2.108985
-1.795724
-2.8550595
-1.3701235
-1.5561026
-1.9133374
-2.3000559
-1.831868
-1.2681748
-1.1505414
-1.4466742
-1.1114535
-0.98208597
-2.1527396
-1.6641509
-2.8063224
-2.3993999
-1.3813065
-2.9837711
-2.0890656
0.58582655
-1.3387727
-1.8848391
-2.341593
-2.7035863
-1.3180875
-0.61456147
-2.6473473
-2.0250421
-1.4752511
-0.44023699
-2.2682726
-1.7616936
-2.1344954
-1.3398566
-2.0421414
-2.3293481
-2.686441
-1.2877753
-0.36137819
-2.8707762
-1.0374274
-1.2368198
-1.173206
-1.2180996
-2.0888251
-1.4140543
-0.45798959
-1.213395
-1.1978761
-1.352401
-1.2661251
0.99036392
-1.3970451
-1.8641363
-1.3811137
-0.91372218
-2.3987795
-2.3166195
-1.8815723
-1.7367747
0.13047878
-2.1324409
-1.5657415
-1.2627009
-1.2397395
-0.36108554
-1.1971588
-1.5347646
-2.0164212
-1.7689875
-1.2077077
-1.1647052
-2.5795176
-1.0615722
-1.4248835
-2.6567319
-3.1456669
-2.1566625
-3.1925758
-2.4341766
-1.4754137
-1.1755589
-3.1140864
-2.4506139
-1.4114376
-1.4583089
-3.0555261
-2.0758206
-2.8486534
-3.1618122
-1.7462573
-1.7985239
-3.1366073
-2.9066581
-2.4256986
-0.61763874
-1.6986469
-2.1431727
-2.3893929
-2.0808342
-2.2277252
-3.2326579
-2.5606535
-1.6640894
-0.95107948
-2.2322729
1.2823792
-2.1955685
-0.63809492
-1.6332817
-1.0894474
-0.88714493
-1.47708
-2.1755788
-2.1914352
-2.2187016
-2.7560712
-2.2841611
-0.96363423
-2.5622252
-2.8961634
-1.3265227
-1.6426721
-2.2573819
-1.7724585
-2.4442716
-0.81532096
-1.3585529
-0.2894211
-1.4083331
-1.4371173
-1.2574862
-1.7761544
-2.3985664
-1.0556233
-2.9377258
-1.5166164
-2.3523526
-1.9817142
-1.9498184
-1.5869639
-2.034256
-1.4112326
-2.988232
-2.446574
-0.33913405
-1.1820393
-2.2760196
-0.54968692
-2.1535959
-3.0810942
-3.214868
-2.0383959
-2.5855864
-2.3041454
-1.5668912
-1.3323517
-3.019107
-1.8513998
-1.6289981
-1.6215295
-2.23625
-0.22210285
-1.1345585
-2.4379955
-2.7321323
-2.9723511
-2.421051
-1.8754224
-3.4367189
-2.2789247
-0.63886694
-3.2428605
-2.9332269
-2.8966771
-1.8265814
-1.4819245
-1.9424163
-2.6336574
-1.7546906
-2.6120018
-2.303315
-1.6853947
-1.976147
-0.96777188
-2.7302794
-2.9797151
-1.4420505
-0.57579365
-3.5011171
-1.4865616
-1.6877096
-0.8453398
-2.04365
-1.3883712
-2.7296335
-2.3505966
-1.561351
-1.4691339
-0.74439567
-1.5172762
-2.282044
-5.5685627
-2.0052128
-1.0965574
-2.0107671
-1.1098884
-2.6552957
-1.1685459
-1.8082238
-0.59132924
-2.2843938
-1.1327156
0.23422509
-2.3637369
-0.85452012
-1.5934464
-2.1810282
-1.3986994
-2.0653554
-1.5915436
-2.8952045
-2.5415172
-0.85903082
-1.6449619
-2.3110325
-2.2146949
-2.958393
-2.1254419
-1.7157529
-2.6351907
-2.9168284
-1.9265065
-3.3094876
-1.7816938
-2.1662721
-1.9393894
-0.00083545861
-1.9010928
-1.0840849
-0.3650518
-0.74617972
-2.4817758
-2.3052572
-1.2536991
-2.0658993
-3.6379826
-1.7684899
-1.5682267
-1.5840315
-2.8162936
-0.6763313
-1.1785531
-2.2142224
-2.3747787
-1.1309786
-2.8976593
-2.0204553
-0.96123272
-1.7162316
-1.6341929
-2.5250307
-2.4890572
-2.7459191
-3.1134208
-0.31010273
-0.48716168
-1.0849386
-1.6444461
-1.0007272
-1.6025063
-2.9386432
-2.3468732
-2.7697901
-1.8746022
-0.98030512
-1.5581546
-1.3067979
-2.8797711
-3.3735907
-2.524691
-3.2761288
-1.936652
-1.8921213
-1.7943707
-1.8523604
-2.3700558
-1.010383
-1.9249801
-2.2583898
-1.6019386
-1.9120411
-0.48657707
-1.5963088
-1.0594257
-0.26806432
-1.5878906
-1.7168718
-2.2163699
-2.7711883
-1.1934921
-3.0925816
-2.7065879
-1.9813443
-2.4109057
-0.97363486
-1.7963003
-1.1679925
-1.6751082
-1.1884233
-0.82513852
-4.3547805
0.19921173
-2.4647677
-2.3290156
-2.2488921
-0.13932034
-0.97895531
-1.9089092
-1.2872043
-0.73117181
-1.3639747
-2.2456926
-3.4612693
-2.3578913
-3.4722346
-2.9473159
-2.3407403
-2.2116179
-3.067195
-1.1645609
-2.2784538
-1.8525752
-2.3487901
-2.1536438
-2.4672475
-1.0587447
-1.392873
-2.3072837
-1.7846221
-2.1013232
0.11009519
-2.5206065
-1.7468759
-2.8875018
-2.3110534
-1.7191398
-1.6492421
-1.0291716
-1.7089271
-2.29901
-1.1391615
-2.7478507
-2.5948
-1.0007796
-3.4372348
-2.3314452
-2.0886583
-1.8656907
-1.5893996
-2.2232681
-1.3283212
-1.0763909
-3.1824538
-1.6350693
-1.7024556
0.17923003
-2.2877813
-3.0004038
-0.24606805
-1.1146625
-1.8081971
-2.5682447
-2.3780045
-0.98774842
-1.7891946
-0.55398208
-1.8152818
-2.3616513
-1.4817506
-2.7631361
-0.87185649
-2.3811028
-2.0495406
-3.0649839
0.32272416
-1.5529214
-2.5729471
-0.99966387
-3.719918
-1.6798617
-1.8874209
-2.5195839
-1.0426275
-1.8731569
-2.1068775
-2.6144596
-2.6030657
-2.2654851
-1.4457355
-2.3517537
-1.164604
0.27458231
-2.2535086
-1.9394193
-2.623538
-1.7491328
-0.69475466
-1.7577747
-1.4030251
-1.9595785
-1.2101709
-2.2380675
-3.0521085
-2.9045401
-1.7163385
-0.51132224
-1.8140132
-1.784513
-2.331894
-2.2275113
-1.0255881
-0.88155608
-2.3529392
-2.7436362
-1.3585261
-1.2564006
-1.220654
-1.9512839
-2.12725
-1.0005601
-3.2730443
-3.0353175
-2.3266608
-3.1488047
-1.6413932
-2.7057286
-2.3334957
-2.0625607
-1.5691671
-1.559606
-1.9540286
-2.9149834
-2.7445915
-2.8106018
-1.55784
-1.9247351
-1.3895434
-1.2589405
-2.1852414
-1.9617922
-1.1139081
-2.4124783
-1.5546965
-2.1608251
-2.2565667
-1.1932808
-1.5289773
-1.5245449
-2.2131449
-1.2592285
-2.5619587
-0.37766403
-1.448861
-4.3858828
-0.78750208
-1.0004551
-1.7819371
-1.5760046
-2.2584974
-2.3509237
0.55959582
-1.8701615
-1.8884507
-2.409503
-2.9850184
-3.4493393
-2.2679585
-1.7605279
0.15299106
-2.2868724
-2.008864
-2.7472785
-0.94295158
-1.6910071
-1.3412654
-0.82062242
-1.7596244
-2.7179904
-1.1636967
-4.1572015
-3.4540536
-1.6770853
-0.84931159
-2.9538741
-2.084189
-1.0886252
-2.025644
-2.5517451
-1.9486273
-1.8324325
-1.3595104
-2.94612
-0.80680058
-1.7821082
-2.543906
-0.24226282
0.65986774
-0.74691536
-2.4944597
-2.373265
-2.1695482
-2.6798658
-0.6393526
-1.6941938
-2.4523324
-2.5750717
-2.5772173
-2.2456597
-2.6021527
-1.8614025
-2.0700329
-1.4587499
-3.2766722
-2.2353802
-1.5370893
-3.4786883
-1.9876661
-2.8929933
-2.1879962
-2.5852116
-1.8351309
-2.4721244
-1.9142972
-1.731941
-1.6965281
-2.8256687
-0.017404497
-2.2624573
-2.1371226
-0.96218102
1.0144145
-0.8324922
-0.28187281
-1.030673
-3.0532174
-0.89272452
-1.5760189
-2.397386
-0.85080199
-0.19208589
-2.8763776
0.80188661
-1.9511178
-1.6950043
-2.1115991
-3.0190635
-3.1561651
-2.1351522
-0.90089625
-2.4774865
-2.0976871
-1.0679787
-1.1578524
-1.319021
-1.3236962
-3.0593868
-3.2398123
-2.8149478
-1.7537533
-2.4023171
-1.4855565
-0.78503199
-2.1144317
-1.9113114
-1.90321
-2.8874782
-2.2006154
-0.47080719
-2.7778665
-1.6099673
-2.5627702
-1.8986038
-1.5482663
-0.97953092
-1.0325602
-1.9326837
-2.6786187
-2.3853063
-1.6119067
-1.0762781
-1.869685
-0.97639921
-1.6047372
-2.1615022
-2.9946452
-1.4228113
-1.7164362
-0.21014037
-2.5934004
-0.99987346
-1.3151571
-0.92461271
-2.0168174
-0.53619922
-1.9877286
-0.89966886
-1.9650346
-2.5503554
-1.5864241
-1.1272533
-0.84043007
-1.8894846
-2.2443705
-1.5245537
-1.1110993
-1.8022151
-2.4030433
-2.8261117
-2.2307714
-1.8695309
-1.8888863
-1.8039316
-1.1871629
0.518614
-0.91301235
-2.711272
-1.1821573
-3.5129328
-2.3060252
-1.7888622
-1.4520615
-2.6858975
-0.38789391
-1.5312043
-1.6187798
-2.0338672
-2.0191935
-1.8267954
-2.8728065
-1.8644846
-2.1711055
-1.0719308
-1.5753058
-2.6541697
-1.8624407
-2.0018421
-2.1558013
-1.414667
-0.8637073
-1.2314319
-1.6093999
-1.9596087
-1.9294445
-1.721213
-1.69833
-2.4437344
-3.1074549
-2.1873988
-1.1555183
-1.8154297
-0.48675235
-1.7746458
-4.4237804
-2.1296853
-3.770294
-0.22595911
-2.2018287
-1.6058365
-0.77660333
-2.7173818
-2.1439208
-1.5319153
-2.5678917
-1.8588635
-2.3934976
-2.4377981
-1.7869541
-1.7338949
-2.5369163
-2.5110207
-1.3452966
-1.8169558
-1.9909783
-1.9118165
-1.3679718
-1.3950987
-1.8718133
-2.4925962
-1.0544093
-2.6607665
-1.2877639
-1.4690689
-2.3831909
-0.6062462
-2.3331753
-2.8356846
-1.6328245
-3.1400233
-2.1415005
-1.7463665
-1.1175211
-3.2784613
-2.6554812
-2.7636067
-1.7774408
-1.3621231
-1.7401895
-3.0509112
-0.76772311
-2.3539425
-0.62250883
-1.1391322
-2.2444976
-2.4762664
-1.865581
-2.4540644
-2.1563394
-0.79234748
-2.4823029
-0.38139133
-0.28008293
-1.0784728
-1.3959592
-2.1904783
-0.80347821
-1.4909079
-3.1033816
-2.5783755
-1.6005155
-1.6639143
-1.7812994
-2.0366795
-1.1712987
-3.0159236
-1.6795538
-1.1801425
-2.6131049
-1.4507407
-1.5225337
-2.8990431
-1.7564029
-0.94025054
-1.4447408
-0.65199761
-1.8240706
-1.6272545
-0.72213583
-2.1859788
-2.9619009
-2.7875333
-0.94090009
-3.3239345
-1.7071427
-2.1323133
-1.497855
-1.5664148
-2.0694739
-2.8272122
0.45411091
-0.9646955
-0.81614218
-1.7087309
-0.86589015
-3.1796491
-2.0209718
-2.0178289
-1.772504
-0.32678468
-1.6592232
-0.37191503
-1.1082113
-0.023645535
-2.3707584
-3.3120229
-1.566553
-2.2853994
-1.5269266
-2.2874132
-3.2169351
-2.2045871
-1.7420009
-1.8411858
-1.494296
-0.95711852
-2.221875
-1.880934
-1.5146761
-2.8500776
-1.3648591
-1.4498959
-2.2148508
-1.9275931
-1.39531
-1.8353233
-2.4418579
-2.0490733
-1.3441115
-1.6709818
-2.4233721
-0.93475255
-0.93808346
-2.490767
-2.1956811
-2.0431108
-3.3127549
-1.3534619
-3.0276044
-2.839189
-3.1029329
-2.1410619
-1.6996549
-2.9723174
-2.7240597
-1.7795871
-2.2804395
-1.615692
-2.8736848
-1.4440692
-2.181345
-0.76485562
-1.3823448
-1.3773214
-0.83103011
-2.7112916
-1.6246991
-1.5602824
-1.7941448
-1.5824615
-1.8358669
-2.1237362
-2.140607
-2.4060188
-2.2902671
-2.5654601
-2.9964232
-0.81773423
-1.2922494
-1.564998
-1.9236023
-1.4968835
-2.0183156
-2.3723098
-3.0927798
-2.2499634
-2.4306914
-2.8997028
-1.8413215
-0.86329263
-2.3166352
-2.5976754
-0.85670702
-0.92104293
-1.4242377
-2.2820618
-2.2664051
-2.4220944
-0.98011922
-1.3636374
-0.80994368
-1.8515764
-1.8495568
-2.564288
-1.6956295
-2.2986299
-1.727153
-1.3153215
-1.8389736
-2.2335657
-0.78568085
-1.4305417
-3.0099863
0.49460151
-2.3205164
-1.8796907
-1.8501359
-2.6002613
-1.4761854
-3.2093116
-1.3149712
-0.99320068
-2.0618553
-1.7023837
-3.0737933
-1.3126317
-2.3261718
-3.192058
-2.4476049
-1.5363837
-2.0259583
-1.2126907
-1.6533755
-2.0785737
-1.9951305
-2.7787875
-2.4505495
-2.1871675
-1.9112798
-2.0447526
-2.7119978
-0.74841559
-0.99956266
-2.6507995
-1.6650309
-1.8252317
-0.82089366
-1.7879193
-2.2025151
-2.8093346
-2.1001705
-3.4946198
-2.1248289
-2.4054442
-1.2123632
-1.3776226
-3.4619217
-2.5429724
-1.2980048
1.3355026
-2.9369585
-1.330896
-0.96951167
-1.7498589
-2.3719692
-2.9801445
-1.5868896
-1.7318772
-2.4516333
-2.0243009
-1.1157177
-1.777901
-0.12221499
-1.4798284
-2.9571097
-1.4644545
-2.3652593
-2.0281357
-1.2261528
-2.335392
-0.98097641
-2.1256847
-2.6720044
-1.4481293
-1.3083911
0.93825263
-0.96726341
-1.7473266
-1.6848556
-0.93695551
-1.9640405
-2.5129616
-1.7556558
-2.7728446
0.80022482
-2.1832698
-1.7554144
-2.3796
-2.8244078
-2.4446384
-1.3753212
-2.1377823
-1.7369778
-2.1249649
-1.836035
-1.5040969
-0.29379135
-2.0621661
-2.2498207
-1.5984558
-1.9856404
-2.2638571
-1.9980728
-1.591148
-2.4827034
-2.4966823
-2.0503757
-1.9753982
-1.529541
-2.7351752
-2.8270496
-1.9561579
-2.3169225
-0.71827132
-1.0229299
-2.868293
-1.2222037
-2.2330628
-1.8534965
-0.30900471
-1.1934291
-1.5286121
-2.5732567
-1.9381747
-1.3075255
-0.52732274
-1.5876395
-2.8768465
-0.75389149
-3.0887079
-1.8438066
-2.0808624
-1.7759612
-1.2019192
-0.67033641
-2.8085814
-0.4576772
-2.6140151
-2.1706861
-2.3096744
-1.2262612
-1.3746008
-2.7631116
-2.3019568
-1.8524232
-1.8993974
-1.0444038
-1.9633548
-1.8297172
-2.2962955
-2.5206158
-1.9635463
0.10994938
-2.6490471
-0.79773833
-2.374927
-2.0517198
-1.8265826
-1.8509516
-2.3288286
-2.8865406
-1.9633999
-1.0559686
-0.5706128
-1.7148925
-0.30023109
-2.7509917
0.28962666
-2.4765082
-2.6072336
-2.1526077
-2.7890658
-3.0025897
-2.4508437
-1.8538614
-3.744889
-2.1874235
-1.1811086
-1.2071223
-1.4107275
-1.4084008
-1.0004326
-1.1760129
-3.6487959
-1.225253
-1.2041734
-2.7698754
-1.9037181
0.013428176
-2.8330624
-1.8623002
-1.643535
-1.883025
-2.8531099
-1.7637267
-1.3997063
-2.1820885
-0.68942001
-1.628506
-3.34465
-2.3281969
-2.5760641
-3.164257
-3.2166304
-1.0574419
-1.698346
-2.3393009
-0.99991678
-1.1133871
-1.1087294
-2.046811
-1.2350304
-1.7590462
-2.0378912
-2.7983395
-1.2892243
-2.7554445
-0.69442715
0.65399434
-0.92572904
-2.0131178
-2.0040508
-3.8774659
0.81731214
0.42065647
-2.8303781
-2.9638833
-1.7349116
-2.6766149
-1.916275
-1.3942278
-1.8212278
-2.4383476
-2.7799809
-2.7873132
-1.8524692
-1.8767385
-2.2209566
-1.7875377
-1.0427259
-1.8779256
-1.3270095
-1.0004027
-2.2556877
-1.6586621
-2.342193
-2.2848379
-2.2447643
-2.2623084
-2.0667089
0.43649676
-1.9982867
-1.3280103
-2.6944892
-1.7611411
-0.4697996
-0.8641755
-2.2966396
-1.8478156
-2.7306614
-0.86211698
-1.1570863
-0.66972793
-2.203534
-2.2807929
-1.0586878
-1.7839281
-1.2244729
-2.3154962
-1.1854797
-3.0152884
-2.446127
-1.2238831
-0.84897409
-2.6023654
-2.3378406
-1.6969118
-1.6799141
-1.3229094
-0.20246625
-2.1520385
-0.93255202
-2.5995148
-1.5178721
-1.0903597
-1.4093302
-1.4870706
-2.1773721
-2.5059609
-0.76413928
-2.5666699
0.009398918
-2.9007302
-0.43838202
-2.2445524
-2.664332
-0.86672406
-2.2186629
-1.187556
-1.9768784
-0.84538556
-2.118981
-0.78095684
1.1089362
-1.6294399
-1.6104523
-2.4867921
-2.4779494
-1.1265483
-2.0887251
-2.6011226
-2.0757689
-0.83561321
-2.0602532
-1.972121
-2.3474179
-3.2034027
-1.8413004
-0.34471045
-1.430175
-1.2215691
-2.2218962
-0.99938539
-2.7969293
-3.0330849
-2.5739766
-2.1792226
-2.5030481
-1.3367167
-2.2985375
-1.9866676
-1.9902284
-0.92300564
-2.1353017
-2.6047639
0.79268847
-2.1529561
-2.1881735
-3.3545228
-0.10973568
-0.99294846
-2.1969494
-2.5827544
-1.1113036
-1.458025
-2.8917184
-2.1123809
-2.4055668
-3.5656979
-1.7348402
-1.0072947
-2.3882231
-1.6237981
-1.0680604
0.027569753
-0.65210803
-1.8036363
-2.8734978
-3.0319099
-2.7137343
-2.5811195
-2.6995218
-0.54984001
-0.94032622
-2.8901202
-1.8662633
0.62977594
-1.774588
-1.8500048
-1.8014541
-1.6468255
-1.9070275
-1.6843952
-1.4545492
-1.3795364
-2.1070517
-1.2333859
-3.3609669
-1.4335882
-2.7790385
-2.5883695
0.063926651
-1.5675361
-0.46935772
-1.9823367
-2.1785971
-2.2154843
-2.3944927
-2.241379
-1.6412952
0.10415661
-1.3712288
-2.727054
-2.2724974
-1.5128003
-1.2885523
-3.3647812
-1.2543593
-2.0518121
-2.4661494
-1.9858883
-3.0372185
-2.0927419
-1.1840632
-2.1718008
-0.90294776
-3.9216285
-3.8246067
-1.1822763
-0.74295432
-2.4415365
-1.0685534
-2.048707
-1.8472114
-1.5530532
-2.0247589
-2.2430312
-1.7131918
-1.4745596
-2.0531705
-2.0269545
-1.28453
-1.4645051
-1.4097933
-1.3860416
-2.5499761
-1.3020196
-3.1054877
-2.1255196
-2.2378828
-0.58660835
-1.725331
-1.4351205
-1.927622
-1.6322236
-0.47527287
-1.8051014
-1.6643218
-2.7167298
-2.742265
-2.0384855
-1.6935084
-2.064521
-1.9015889
-2.4427616
-3.39877
-0.38621059
-2.1946702
-1.9671017
0.47469676
-1.9847687
-1.5287261
-1.8987256
-2.4722725
-1.9532537
-1.8757307
-2.5245745
-2.1123584
-1.8319098
-0.35601509
-1.1813451
-2.414595
-2.0585288
-2.1584843
-1.5965174
-2.1041351
-1.5779341
-2.7287875
-2.4406941
-1.9160902
-2.3717269
-2.5210454
0.34215523
-2.2325295
-2.2443967
-2.6397036
-1.8527581
-1.8771736
-2.292512
-1.6115272
-1.9490314
-2.207015
-2.1779723
-0.93225177
-1.3155075
1.7277192
-1.1892961
-2.5364616
-1.4052988
-2.7743188
-2.0036261
-1.1969336
-1.0763391
-3.5392482
-1.7665423
-0.60230059
-1.7463653
-1.1221952
-1.4428887
-1.5298367
-2.3378225
-3.0425086
-1.3948194
-1.9711309
-1.7087179
-2.0774719
-1.0430361
-1.8949978
-1.9352194
-0.093897729
-1.4671156
0.63264976
-1.3092237
-2.3435332
-2.1480819
-2.1322839
-1.4025227
-0.61413178
-0.99163517
-1.7272389
-1.7744662
-1.714859
-1.3090595
-3.0919549
-1.9063465
-1.9794664
-2.766359
-1.6228413
-1.8837266
-2.0726083
-1.5398135
-1.3151588
-1.7182517
-2.5184712
-1.8970007
-0.16693171
-2.0644335
-1.8451471
-1.2222452
-0.87668565
-1.759422
-2.5737583
-2.3030166
-0.88773071
-2.1298386
-1.3683715
-0.93685206
-1.7490118
-0.30832183
-2.3912719
-1.8888177
-2.3178652
-0.7045272
-2.3813847
-3.2578145
-1.1702477
-1.0964627
1.5828062
-0.49014667
-1.9466382
-2.0373108
-1.8575949
-2.5081388
-1.8700982
-2.090025
-2.3801455
-1.943812
-1.6783427
-0.95658087
-2.5849566
-0.18240793
-3.1597139
-0.83827678
-1.2079073
-0.59707831
-3.0110771
-1.5713529
-1.1764275
-0.1633663
-2.700541
-1.6505999
-1.9016212
-1.5985632
-1.8436119
-1.1862051
-2.7678456
-0.40894736
-2.2198308
-3.039237
-2.5089162
-1.8239329
-2.0409808
-1.3377419
-3.1787363
-2.669337
-1.6678897
-3.313929
-1.534196
-2.7671194
-1.589583
-1.7342451
-3.2505345
-0.60224963
-2.8024469
-2.1368008
-2.1538652
-2.8247599
-1.3906155
-2.5138636
-0.73274447
-1.7509706
-2.720175
-2.6217729
-2.0139419
-2.8428829
-3.3652368
-1.4068763
-2.7437942
-2.2815279
-1.9433026
-1.2369495
-1.5347103
-1.7649553
-2.2473997
-0.69960435
-1.0335961
-2.0072733
-3.1050192
-1.5633468
-1.2319405
-2.9282619
-2.3014548
-3.402755
-2.998202
-1.8989401
-3.5653417
-2.5650249
-2.1546835
-3.2560896
-2.1145494
-2.5744921
-1.9140972
-0.91345333
-2.9411362
-0.14041945
-1.5802249
-3.4041005
-2.489187
-2.25019
-3.9465677
-1.8281618
-0.75288342
-1.3611462
-3.6400372
-2.5668061
-2.3195818
-2.0013163
-2.0154435
-2.008871
-1.5327151
-1.8488122
-1.9193465
-2.3848411
-0.35646932
-1.8055026
-1.8651426
-1.485452
-2.567438
-1.237676
-2.0539559
-1.4242521
-1.8823999
-3.3875416
-1.489686
-1.5440975
-1.7876546
-1.7960271
-2.3307428
-1.226811
-1.8806843
-0.40504693
-1.553481
-1.6394849
0.57066884
-2.5223211
-3.2342685
-1.8475908
-2.4598578
-1.0663946
-1.0553982
-1.7545375
-1.1692355
-1.3947813
-2.646443
-2.9290941
-1.7433627
-2.3955865
-1.9858353
-1.9451353
-2.3069682
-3.3306385
-1.5603956
-2.4154381
0.1021275
-0.92680041
-1.5039101
-2.0314625
0.96436636
-1.8681332
-1.9920829
-2.8781022
-1.4273299
-1.6183034
-1.8250847
-1.6692964
-2.2901254
-1.4443152
-1.3360573
-2.067267
-2.1345168
-1.8502154
-2.833143
-1.2283051
-2.3999113
-1.1181423
-1.2719402
-1.4422478
-1.7496375
-1.1211831
-1.6744723
-1.4873883
-0.76889497
-1.9699129
-0.88325582
-1.0524742
-2.3947603
-0.27227502
-1.2186746
-1.1732933
-2.3839771
-1.5716977
-1.3640837
-2.2363139
-2.2270128
-1.9804015
-2.6271009
-1.8069333
-1.0255872
-2.7774826
-1.4191507
-2.5963031
-1.7560818
-1.5597923
-2.5797382
-2.0333054
-3.2016719
0.36296227
-2.8015411
-3.1072139
-0.28091672
-1.4436322
0.86625066
-1.9813838
-1.9175238
-1.681624
-2.6480813
-1.7421537
-1.0414409
-2.4638835
-1.1987976
-1.4319899
-1.9976714
-1.7469725
-0.79428066
-1.1595424
-1.9177885
-0.73056147
-1.2511151
-1.9782286
-1.0360537
-2.5065681
-2.4250382
-1.1603283
-1.2467084
-3.4827073
-1.2218113
-2.4160052
-1.338611
-2.495982
-1.6421604
-1.7521085
-2.8625373
-1.5845026
-1.9698378
-1.3658839
-1.8087282
-2.0782294
-2.1163331
0.39428597
-1.6816026
-1.3256734
-1.47425
-0.3052517
-1.9335008
-2.2205563
-2.2506061
0.16569936
-0.97951685
0.3071475
0.80238608
-2.3263325
-1.7194591
-2.6056975
-0.70624565
-3.1574508
-2.4201068
-1.3727272
-1.2537143
-1.0003052
-0.22202676
-2.0712909
-1.9153492
-1.3623958
-2.2002883
-1.4291693
-1.9545361
-2.5610098
-1.9141078
0.11392929
-1.0442588
-2.2905584
-1.6793416
-1.8103986
-1.8534509
-3.4390107
-1.7815011
-1.8502344
-2.0915405
-2.1672184
-2.155385
-0.89063457
-2.5097112
-1.9260653
-1.8618106
-3.0743063
0.50189333
-1.7833879
-1.8462484
-3.1226939
-1.947312
-2.6434688
-1.9043717
-1.7750488
-1.9449368
-2.7722167
-2.3934584
0.25462375
