-0.93511816
-1.3607593
-3.1408984
-1.6169408
-0.48374713
-2.5227115
-1.4211252
-0.86249182
-0.71750178
-2.5076651
-3.9515601
-0.88384107
-3.0547102
-2.300253
-1.3379244
-0.40489534
-1.767523
-1.7640772
-1.5150186
-1.9627515
-1.2317741
-3.2026804
-2.4043485
-2.050131
-1.4759246
-2.3986317
-2.2475648
-0.8331268
-1.7335385
-0.54715155
-3.4360936
-3.0775293
-1.4085685
-0.42540326
-1.7255638
-0.45691219
-1.27969
-2.9979462
-1.6117152
-2.3611043
-0.35809638
-1.9650203
-2.381173
-0.68438202
-3.0018182
-1.7586256
-1.1380606
-1.2505744
-1.9179355
-2.1350219
-1.22001
-0.46744657
-2.169576
-2.3509806
-3.1156942
0.66736275
-2.6843963
-1.2838764
-1.4566033
-1.9427027
-3.1850343
-3.3016528
-1.8555195
-1.636691
-1.618375
-2.1363644
-0.74337875
-1.5063377
-1.1377666
-2.1700193
-0.68150483
-3.3308737
-1.7896597
-2.4216467
-3.0989368
-2.5561994
-0.41032541
-3.1603958
-2.2131181
-2.6093569
-1.3315177
-2.6988442
-1.4996516
-0.44091979
-1.4114739
-1.4519174
-1.6566631
-1.4012197
-0.8790311
-2.2004617
-2.6611557
-0.52102754
-2.3008483
-1.5091606
-2.6771656
-1.8723579
-1.7765717
-1.3598208
0.078809295
-0.099112724
-3.3662128
-2.4806195
-2.1910392
-2.4821931
-2.4760033
-1.2291018
-2.0927174
-1.9900637
-1.9322459
-1.3052024
-1.0985725
-1.3946216
-1.3495017
-1.9017775
-1.328731
-1.827301
0.46916387
-2.3291347
-2.5635672
-2.1362578
-1.0035953
-1.3384333
-2.6046014
-2.4466822
-1.6489722
-0.844381
-1.5447519
-1.496122
-3.3440222
-1.0816629
-2.9439071
-1.1563371
-2.2856328
-2.7885933
-1.5308106
-2.2646679
-1.1889512
-2.4094248
-1.1207134
-1.6166
-1.8877247
-2.3742425
-2.0387016
-2.9246403
-2.5174377
-3.3381489
-2.6451681
-1.9208419
-1.5692208
-2.8896239
-2.9292989
-2.3696607
-2.6968796
-3.0999709
-2.4075459
-2.0559501
-2.145849
-1.3226798
-1.4494328
-2.2661782
-2.2941896
-4.2405912
-1.2695495
-1.3391621
-0.34968465
-2.2513136
-1.5671828
-2.5461958
-1.88533
-1.7799455
-2.0729926
-1.770843
-2.7069311
-1.1515209
-0.91541666
-2.5719446
-2.733418
-1.4772393
-1.9532749
-2.7114785
-3.3923302
-2.4317854
-2.5338237
-2.2737438
-1.0117017
0.018681574
-2.4009371
-1.220877
-1.9309671
-1.8269587
-2.2251451
-2.2165919
-2.7116016
-2.0584418
-2.2908509
-2.9090123
0.55035413
-1.3941809
-1.4728206
-2.2308769
-2.7268864
-1.988935
-1.4227562
-2.2557856
-1.4715977
-1.7715125
-1.118832
-2.4574453
-1.9824469
-1.8854165
-1.2989916
-1.1898121
-2.4317636
-0.79045325
-1.1315653
-2.9954402
-2.8708285
-2.5409725
-1.580402
-0.87071951
-2.3245466
-2.5424375
-2.2695269
-2.8242733
-1.7116382
-2.5428208
-0.82585244
-0.60513578
-3.0139639
-2.2440826
-2.2163438
-0.84396135
-2.9687714
-0.50866645
-4.2790109
-0.68639076
-0.035049946
-2.1882051
-1.716309
-2.2981915
-2.4803824
-2.0867975
-3.1491384
-2.5394562
-2.6625026
-2.8175766
-1.4008383
-1.4990163
0.24499408
-1.9277265
-1.6743018
-2.4356577
-2.4797002
-3.0737014
-3.0607229
-0.21393274
-0.84635317
-2.1010948
-1.9065081
-1.538382
-2.4743746
-1.8204518
-1.6953621
-2.4882041
-1.2494984
-1.0092885
-1.3507899
-2.7798574
-3.8440498
-3.1574794
-3.0801692
-1.97593
-0.36709883
-1.6162343
-0.62093464
-2.5976946
-1.9133161
-2.5372706
-1.6823026
-1.8484186
-2.4730201
-2.1178188
-0.64538152
-1.4759
-1.497323
-1.421322
-0.81742744
-1.5560015
-2.0614863
-1.3999935
-1.7315964
-1.2910488
-1.3825297
-3.6134586
-0.95300295
-2.525414
-1.4998424
-3.4095837
-0.96022588
0.12043293
-0.9689609
-1.9030764
-1.5439034
-2.183951
0.64199471
-1.1077985
-1.9736249
-2.1772918
-3.30581
-0.71325378
-2.1588752
-1.4381182
-1.5082017
1.3971311
-2.1605624
-2.1905867
-2.4680664
-3.2759133
-2.9644822
-2.2900522
-0.81655195
-2.8008368
-1.4207636
-2.3989619
-2.2465416
-1.8991094
-1.2954982
-1.457105
-2.7376829
-1.7780009
-2.5843522
-1.2961207
-1.2447473
-2.3963365
-1.3351715
-1.9466554
-2.7693278
-1.9085069
-1.1760025
-1.8139416
-1.8396445
-1.2495143
-1.1679075
-2.3732311
-1.5807646
-2.8040157
-1.0789565
-1.6791236
-3.8419441
-2.1877077
-2.5962245
-2.1056479
-2.5565143
-1.2127787
-0.047193576
-2.531833
-1.2775367
-0.43065393
-0.99946073
-2.5216164
-0.46481575
-2.5256192
-1.363283
-1.9424476
-1.4688645
-2.3366731
-2.3261351
-1.6269159
-1.5772757
-1.0392958
-1.7389999
-2.2946927
-2.2241076
-1.7397631
-1.8988675
-0.9304083
-1.2524002
-2.1774462
-0.37380274
-2.5210661
-1.6398325
-0.81671891
-2.0351281
0.19809064
-2.3019765
-1.0748543
-2.5486123
-2.159197
-1.9060035
-3.3662818
-2.9047063
-0.83322983
-3.0251333
-1.4654839
-1.2463716
-1.5044992
-1.4694107
-1.0608095
-2.9747107
0.17890201
-1.6885353
-2.0342688
-1.9008907
-0.33329168
-1.9641159
-1.2631769
-2.5796144
-1.8032233
-1.1441226
-0.52205263
-0.0068740761
-2.2095007
-1.9787437
-0.9335069
-2.1494545
-3.0035618
-2.6322326
-2.1704586
-2.48493
-1.3424568
-1.1487484
1.5323593
-1.6894806
-2.1223886
-2.2866588
-2.2867828
-1.8855811
-2.1457519
-1.2391641
-2.9789895
-2.6832738
-1.8607703
-2.5101485
-1.6557096
-2.7274456
-1.7451708
-1.0024034
-1.5359607
-1.63545
-1.3605636
-1.0076045
-1.4667559
-0.94333213
-2.0899747
-2.2966586
-0.79817475
-1.0261227
-2.1447916
-1.3650253
-2.1818338
-2.3326837
-2.4450252
-1.692317
-2.7474716
-3.6855374
-1.7233445
-1.7474609
-2.2000179
-1.4767538
-1.8756059
-0.7232568
-1.9664399
-1.397961
-2.0516889
-1.9642387
-1.2480112
-1.5896029
-1.0570286
-1.7647186
-2.1093943
-0.1374859
-2.8548814
-3.1739083
0.25728348
-1.2259456
-1.4148589
-2.9229864
-1.4851326
-3.1265763
-1.3619261
-2.3221871
-1.5616589
-2.1283804
-1.777723
-1.5924401
-2.0662893
-2.185046
-2.4082613
-2.5997665
-2.5660897
-1.7074011
-1.7116097
-2.7951504
-3.2017223
-0.32941884
-3.1713057
-2.7358959
-2.0521115
-1.3163267
-2.4532882
-2.2426626
-2.9197484
-2.6793704
-0.79194274
-3.1567604
-2.5240061
-1.1380642
-3.7355047
-1.7656971
-2.2738888
-2.0238758
-2.3601783
-2.6016338
-0.86508808
-1.9057952
-2.8166253
-2.8832398
-1.0983971
-1.4804276
-2.7124132
-1.2366173
-0.54317296
-2.6142393
-0.58991535
-2.1960145
-3.0972646
-2.3067901
-0.99971335
-3.4204805
-1.6783817
-3.0849749
-2.6160981
-0.85318778
-0.48121974
-1.1199779
-0.37201547
-2.7493616
-2.6476974
-0.63822172
-1.1571374
-1.1259386
0.20440142
-1.8695346
-0.59487441
-0.7597903
-3.5302309
-1.3607992
-0.47752462
-1.5441581
-0.92933218
-2.1704184
-0.98537906
-1.8635317
-2.535629
-2.4042856
-2.5205482
-2.8403973
-2.5508774
-2.6447979
-1.9329084
-1.509017
-3.0747543
-1.2704929
-1.9088131
-0.95721311
-1.5450624
-2.0828099
-1.213341
-2.8429789
-2.327769
-2.672835
-0.52670211
-1.3571472
-0.95933529
-1.8042822
-0.47541969
-1.8943881
-2.6379383
-2.2743764
-1.2747935
-1.6874771
-0.75075502
-0.39796954
-1.632135
-3.7774612
-1.3779188
-0.71452071
-2.5229978
-2.0465711
-1.9791126
-1.6068658
0.90434151
-2.1599106
-2.3051729
-2.3309643
-2.8964324
-2.8639141
-2.5885673
-3.0091825
-1.3737796
-2.678912
-1.3251882
1.4711126
-2.1309539
-2.5766354
-1.7708213
-1.4300074
-0.57855772
-1.4482663
-1.6552427
-2.6412931
-2.1694529
-2.9216093
0.31257887
-1.9725055
-2.1401834
-2.7828476
-3.0298813
-2.0664151
-1.3386949
-0.46823741
-0.36906772
-0.042295052
-1.5393009
-3.3813477
-2.8246731
1.0411272
-2.5035661
-1.2583055
-1.9512924
-1.3563593
-1.1970697
-2.4460679
-2.0812459
-2.3555479
-0.83079933
-1.2908605
-2.7660992
-1.4867425
-2.7143831
-2.6383545
-1.9411145
-2.8663813
-1.9008867
-2.4421117
-0.80178271
-0.82644375
-2.4884754
-2.3875239
0.67536155
-1.427934
-2.152353
-1.5808447
-2.6918969
-2.0575472
-2.3807785
-2.6864125
-2.503994
-0.52924546
-1.820467
-2.5314839
-2.0294739
-1.3287984
-1.29055
-1.9854056
-1.9261203
-2.2221811
-1.1453502
-0.91628708
-1.4520017
-1.1445266
-1.6436671
-3.0287643
-0.87762576
-1.4919856
-0.66119177
-3.4351882
-2.237129
-0.6803444
-1.7147335
-1.6902474
-1.124264
-2.1186409
-2.9095984
-1.5416303
-2.8995249
-0.49666361
-1.6162129
-1.420338
-1.7856616
-0.61688755
-0.84219823
-1.9249763
-0.028127824
-1.0587459
-2.084824
-2.8297714
-2.2182854
-1.4251853
-0.68671385
-1.3347567
-2.5315759
-2.45248
-2.575798
-1.4357069
-2.9806221
-2.0383356
-0.23103551
-1.6494498
-1.6967763
-2.1556288
-2.8091444
-1.4967829
-2.493997
-1.280009
-1.1164236
-1.6352649
-2.4463119
-0.84517429
-1.7638098
-0.046963097
-2.6682278
-1.4819507
-2.8702052
-1.5477645
-4.0798993
-2.8026184
-0.17496124
-3.0000015
-1.6632811
-2.736902
-1.8771688
-2.6030961
-1.6924668
-1.961179
-1.8427383
-1.5916318
-3.0767991
-2.4667619
-3.0899992
-1.8778926
1.5427156
-1.9317628
-2.413739
-3.4175756
-1.2150822
-3.5454465
-2.5849857
-2.6537141
-2.0102123
-0.78659803
-1.3803953
0.079089908
-1.7823128
-2.2116938
-2.359407
-1.8920152
-2.6116084
-1.6420469
-2.0591044
-1.6262473
-3.7230634
-1.52773
-1.375541
-2.0599875
-2.5066373
-1.8527135
-1.4234966
-0.46202631
-1.1364204
0.64787167
-2.1210545
-0.077277381
-2.3779389
-3.1134358
-4.2855294
-3.2036708
-1.1961082
-1.3423971
-0.545393
-2.661611
-2.5027277
-2.2209443
-2.4660039
-0.35227954
-1.9697848
-1.1890098
-1.4664757
-1.7608809
-2.0186895
-2.1325193
-1.0225467
-1.6458638
-3.9278856
-2.6130308
-2.7201499
-3.4344858
-1.6245716
-2.7138614
-1.9066678
-2.6108087
-1.7736458
-1.7551485
-1.5915673
-1.4456998
-1.2449856
-1.346035
-2.2567379
-1.3202877
-1.5081592
-1.8361659
-2.0372131
-0.5463808
-2.3236886
-1.587914
-2.9677397
-1.9439615
-2.8466607
-1.9346381
-0.66052534
-2.1001566
-1.0691461
-2.8695908
-1.3702023
-2.3045723
-0.45913986
-2.4002434
-2.6626402
-3.0431795
-0.80465096
-1.4529024
-1.4755412
-1.3175727
-1.7555033
-2.6281438
-1.5030954
-0.72242726
-1.6045971
-1.64714
-2.7096253
-2.8211276
-2.6496692
-1.5001685
-1.360354
-0.9865433
-2.5536669
-2.8184468
-2.3302049
-3.5806521
-2.4065788
-1.2925002
-1.3076723
-2.0766302
-2.0981187
-2.1792647
-4.4986485
-1.9263155
0.22400376
-2.2392338
-2.2023004
-1.4757092
-2.7960442
-1.6217702
-1.7119766
-2.4894214
-0.20484999
-1.8795315
-2.1211443
-2.2186797
-1.5753012
-0.71459369
-1.129603
-1.0965504
-1.5804311
-1.1790303
-1.4370532
-1.4222536
-1.6957139
-0.3597967
-3.9365812
-3.1082255
-1.5284982
-1.6591784
-3.4673569
-1.774897
-2.2312911
-0.54636358
-1.3634459
-2.626425
-2.2061807
-2.5791622
-0.017855314
-1.6480155
-0.75244992
-1.4088271
-2.3678773
-1.7273468
-0.92309278
-0.51019039
-1.7913983
0.20499006
-2.7769981
-0.4738512
-0.89175259
-2.8196152
-2.0179067
-3.3390939
-2.5196047
-1.1271712
-1.4849018
-1.7312604
-1.6530699
-0.70075354
-1.28099
-2.2232681
-2.2101855
-0.96078969
-0.98735684
-2.0788367
-1.0293128
-3.4088513
-2.1407699
-1.0000028
-2.0657645
-1.4791747
-1.3256516
-0.86167121
-2.1733773
-2.2861937
-1.8967799
-1.8181949
-1.3849059
-2.2626952
-2.5364339
-1.8586675
-1.1215755
-1.8401835
-1.2632197
-1.4989481
-2.2804376
-2.799135
-0.62772877
0.49394752
-1.982318
-0.76040365
-1.6588775
-2.9030115
-3.2772308
-3.2412507
-0.58567723
-2.1243261
-2.1827698
-1.8646471
-1.6446364
-0.22742304
-1.6244018
-2.3885417
-2.5894705
-1.0887584
-1.5028178
-2.8003904
-2.1455232
-2.5181558
-2.8090169
-2.730997
0.73121685
0.27902443
-2.3307995
-0.93838678
-0.81063864
-2.4980342
-2.2724511
-1.8663523
-1.7168841
-3.8137571
-1.9196736
-2.5222496
-2.3118096
-1.8751559
-2.195794
-2.6748986
-2.391331
-2.8286488
-2.1641636
-1.3572639
-0.32705707
-1.417234
-1.6438772
-1.2275376
-0.99928657
-1.6631349
-2.573034
-2.1816037
-1.8228202
-2.5736731
-2.8317473
-2.1307072
-2.1872606
-1.5265765
-1.309232
-1.5438916
-2.4553048
-0.67537542
-1.9193656
-2.058098
-0.27224425
-1.5322414
-0.27959477
-1.6900005
-1.3290276
-3.0491757
-1.9926131
-2.9174328
0.2303136
-2.3312483
-2.8047335
-1.4097634
-0.81506632
-0.17896768
-1.0231792
-2.7176747
-2.0156984
-2.141606
-0.091139859
-2.3097341
-1.2290125
-1.7422093
-2.1524488
-2.9569489
-1.8925938
-1.7279626
-3.2335195
0.31012423
-0.86684292
-2.8856979
-1.5704457
-3.5336204
-2.1382249
-2.3813512
-1.9490668
-2.7233103
-0.75356277
-2.1807859
-2.0060328
-2.3289966
-1.7433039
-2.4330056
-0.88119022
-2.4638423
-2.4289198
-2.0364616
-1.7880023
-1.0874889
-1.7289133
-1.401613
-3.2594904
0.62917463
-3.1528983
-2.5453789
-3.23489
-2.1528531
-2.4856933
-2.5979502
-1.9609273
-1.9975899
-2.6774421
-1.7041979
-1.9613321
-0.27215357
-0.38033595
-2.166449
-2.5807835
-2.1136512
-4.3693921
-1.4666577
-2.2900891
-2.1599108
-2.5656027
-1.8015872
-1.6598443
-1.690592
-2.3383602
-1.5220566
-3.050238
-0.57051137
-0.57703108
-1.0005232
-2.2356147
-2.1009902
-2.8907297
-1.1297698
-1.5301702
-0.94023526
-2.9356214
-2.7609793
-1.7318048
-1.8484489
-0.76109146
-0.5488396
-1.38473
-2.9257694
-2.2511482
-2.5485847
-1.2688766
-1.8812441
-1.3705819
-1.3720608
-0.68640287
-1.6869195
-0.45167761
-2.7564604
-1.7392882
-1.4685729
-2.0649049
-0.34416727
-1.89137
-1.3273432
-1.5568871
-1.8771772
-1.9418141
0.68206264
-2.6931886
-1.9313379
-1.9845321
-2.2001293
-2.0153019
-1.9887536
-1.6760083
-1.4582435
-2.0232204
-2.0929718
-1.7206233
-2.937926
-2.1541777
-2.2913718
-1.2020426
-1.4176381
-1.9119041
-1.4089212
-1.5949916
-1.4199028
-2.5793839
-0.74323247
-2.091559
-2.1014836
-2.7104542
-0.7617144
-2.014136
-1.6390798
-1.7305477
-1.3155668
-0.53571305
-1.300746
-0.47675719
-0.92756007
-2.1072555
-2.20358
-1.2857205
-0.44183155
-1.5123458
-3.2879486
-2.1866264
-2.465276
-3.0603542
-3.1787233
0.86271261
-2.0741491
-2.1512703
0.5723802
-1.1692268
-2.3132474
-0.61574067
-1.6321809
-2.9287529
-1.8393628
-0.84381544
-1.6043543
-2.8242321
-2.808068
-2.175826
-2.6164716
-1.6154429
-0.97315644
-3.6172488
-2.0545999
-1.2759416
-0.40373786
-0.76312216
-0.19836524
-2.2039376
-1.4292893
-2.2680714
-2.7329294
-0.2140392
-1.582067
-1.37701
-1.4708515
-0.97282005
-1.1705981
-1.1340002
-0.76029496
-1.439499
-1.7701393
-1.1136459
0.73795591
-1.9787011
-1.3913394
-0.59090965
-1.8485729
-3.2076745
-1.0943136
-1.6666165
-1.5574972
-1.6151443
-2.0785683
-1.3962046
-1.2835027
-3.9811714
-2.4517173
-1.7323842
-1.5814674
-2.1594355
-2.035417
-1.6926768
-2.8668034
-1.6159469
-2.2971306
-2.241004
-4.1243272
-1.0679413
-0.3268728
-0.53491557
-1.1551626
-0.48955416
0.124309
-3.5492073
-2.1598213
-1.8036665
-0.78736943
-2.1187813
-1.1902553
-2.5663536
-1.0006808
-2.4252521
-1.203093
-1.5957327
-1.4119646
-2.0195833
-0.87016457
-2.0125683
-1.355717
-1.3446145
-1.5439962
-1.6928971
-3.0726227
-2.0449248
-2.6435264
-2.5150496
-3.2172586
-1.8062864
-1.3104163
-1.3487403
-1.6284736
-2.0586966
-0.15688459
-2.2466984
-3.6708445
-1.3098055
-2.6629632
-0.57640978
-2.0439062
-1.6426163
-2.06507
-1.3262834
-1.4474139
-1.6145095
-2.0129838
-0.86114742
-1.6759752
-1.8600067
-1.6912817
-1.8582125
-0.49432494
-1.9840926
-2.1880947
-1.6970885
-2.4564883
-2.0922089
-2.6667365
-2.2624056
-1.2564723
-2.6442231
-0.62648061
-1.7444877
-1.6442949
-4.0001341
-2.6899494
-2.7963871
-2.0200703
-0.51415252
-3.7221835
-1.523898
-3.1223984
-1.5198715
-2.3878365
-0.80028672
-2.7158882
-2.5698387
0.95917847
-3.3951772
-2.6806281
-1.2556016
-2.361541
-2.2349124
-1.6823849
-2.0741937
-0.85387707
-2.549789
-0.61916882
-2.2342635
-2.7516197
-2.4257573
-2.2869213
-2.2901049
-2.6858825
-1.9733614
-2.1292633
-1.4953835
-1.3085654
-1.1253363
-1.7930549
-1.7852439
-2.4635133
-2.7726881
-2.3219566
-1.9923044
-1.1999849
-1.3371046
-0.90371576
-2.502278
-1.1410302
-2.6486565
-0.054417078
-3.3958223
-1.9344517
-2.2670995
-0.18832491
-1.1135866
-3.243238
-2.3031686
-2.6249881
-1.5101085
-1.9741747
-2.763886
-0.61828774
-1.9540502
-1.1055517
-1.9124327
-3.6253085
-2.2664318
-3.0841758
-3.4401417
-1.5529387
-2.9615247
-2.0023734
-1.3071595
-1.4018336
-1.2382517
-1.4627215
-2.3205177
-2.4009379
-2.0891134
-1.2377333
-2.2684949
-0.90197037
-1.0001836
-0.97798075
-2.4822767
-1.025265
-0.94768791
-2.0126252
-1.0469912
-2.8111182
-1.2230357
-0.64409281
-1.798289
-2.1708815
-1.4736224
-0.19140369
-1.3132865
-3.3315329
-3.1213273
-0.78754104
-2.125934
-1.8999741
-0.20223647
-1.4703407
-0.73573954
0.83545116
-0.41211186
-2.4266633
-3.3933482
-2.9183592
-3.4210876
-1.7486649
-2.1846898
-2.9181218
-1.4884049
0.54108424
-1.4029755
-2.3039934
-1.3391691
-3.3728252
-1.7695412
-1.0566398
-2.6903232
-1.2399198
-0.51914594
-3.0336768
-1.761891
-1.6870622
-2.0823142
-1.9487652
-1.462417
-3.0075592
-1.3107728
-2.0388429
-2.8289426
-2.602446
-2.1742785
-4.4124499
-2.9247328
-1.777827
-0.84517292
-1.9291615
-2.1423842
-1.6541594
-2.6945802
-2.0025542
-2.6910591
-3.2471213
-1.4347437
-2.4273325
-1.3820649
-2.0754333
-1.5549141
-1.7143679
-2.0296595
-2.1264323
-1.5044127
-2.530943
-0.72311256
-3.3039582
-0.86373745
-2.4122835
-3.0413674
-1.9570678
-3.7705059
-2.5317942
-1.5752956
-1.413939
-2.3754036
-1.9035715
-1.9947272
-2.2888559
-2.322859
-1.8495542
-2.8377375
-1.1106759
-1.3560629
-1.7422714
-0.2666398
-1.5584966
-0.72304264
-3.7159615
-1.1258723
-1.2306198
-5.0368974
-2.1411756
-1.5541961
-1.6891335
-1.4848691
-2.6239457
-2.9713165
-1.3081668
-2.8198918
-2.5686488
-2.4412769
-1.4591936
-1.5552543
-2.1049107
-2.2155507
-1.5044909
-1.5577564
-0.98656722
-1.7683165
-2.5216159
-2.157654
-2.0642756
-1.2862569
-3.3440026
-2.5424566
-1.6220809
-1.4590194
-1.7543444
-2.2999956
-1.4047942
0.48866367
-2.2005255
-2.4425453
-1.7140727
-0.80222505
1.2972229
-1.9190546
-2.0115283
-2.3485871
-1.9075864
-2.0021851
-2.3450166
-1.6639662
-0.60114051
-1.1731873
-0.89475399
-2.8549844
-2.1936373
-1.8890747
-1.5480739
-2.1294974
-3.2009503
-2.1373621
-0.66446105
-1.5177063
-0.61908005
-2.0070714
-2.3013121
-1.582603
-2.7848349
-2.8797127
-1.8295469
-0.85061918
-1.9565003
-0.8829102
-2.4043059
-1.9756702
-2.3920863
-0.63137742
0.93476407
-1.4539523
-2.6805886
-1.6203869
-0.2676489
-2.3246525
1.8085212
-2.3124851
-1.7218819
-1.7166147
-1.9560302
-2.2880899
-2.1634952
-2.7282422
-0.67422969
-3.0050489
-2.4125499
-1.6632752
-2.2716164
-2.4354234
-1.7570725
-2.0881545
-1.4396962
-1.6827781
-1.605983
-1.8996284
-0.15570351
-1.7834028
-1.4140521
-4.0732405
-2.0745746
-1.7015276
-0.90088693
-1.2356168
-1.5418583
-2.8716733
-1.5687984
-2.4538423
0.19599964
-1.3209265
-2.6376433
-1.6111256
-0.0090605777
-2.1701258
-1.03201
-1.5620153
-3.3427613
-0.99957567
-1.7148292
-2.8634322
-1.445476
-1.8774249
-2.2102329
-1.9969322
-1.8476383
-1.1812534
-1.7860744
-2.0405645
-2.1518103
-2.1023786
-2.1418631
-1.7575517
-1.7423555
-2.289076
-2.1939109
-1.5692343
-2.717725
-1.0461991
-2.6462626
-2.8150569
-2.0297274
-2.5860689
0.37591733
-1.2491166
-1.9009313
-0.91117805
-2.1393366
-2.4201462
-2.6613292
-3.7497592
-1.5812619
-1.9211384
-0.96736475
-3.191556
-2.4507161
-1.1015955
-1.6878413
-1.6300708
-1.8786236
0.55076184
-1.0057428
-2.3595202
-1.7396478
-0.035336437
-1.8062674
-3.9903402
-2.6377116
-0.80792129
-1.2006404
-2.7840589
-1.5674592
-2.3578755
-3.1674054
-1.6193774
-2.3898868
-0.050602623
-1.2937228
0.015513292
-1.8433594
-2.5700578
-2.1316313
-3.4800579
-2.686179
-0.049179118
-1.2163166
-1.0457229
-3.3643297
-1.0034109
-3.2398945
-1.7306818
-1.8653877
-1.8622584
-2.2135322
-2.8048255
-1.9010329
-2.2923542
-1.9305891
-2.260797
-2.0008272
-2.5228198
-0.19236225
-1.2489819
0.41123237
-2.8275527
-1.8858955
-2.774348
-2.8961775
-1.4851815
-2.135083
-3.2526382
-1.9705441
-1.1438377
-3.4139556
-1.8287459
-1.6189563
-2.7363445
-2.1894783
-0.63696316
-2.4937947
-2.4309657
-2.5204285
-1.0151661
-0.69200037
-2.4143393
-2.2266188
-2.8357962
-3.2095292
-0.67334484
-1.0453086
-1.8628271
-1.506111
0.44632454
-0.87746718
-2.349055
-3.0379954
-0.60709862
-0.232941
-2.0089447
-2.6092163
-2.0894152
-2.6382945
-2.4632304
-1.7963816
-2.2186918
-1.4473121
-1.7911487
-1.0150453
-0.57482103
-1.2246217
-1.7628422
-1.2367084
-4.4491023
-2.6326083
-0.80081197
-3.2125752
-0.4669152
-3.2757134
-1.7758899
-1.9606686
-1.5023945
-2.0488134
-1.2793754
-1.8399133
-0.093968499
-1.1737858
-1.5807645
-2.438369
-2.2599098
-0.675771
-4.4759734
-1.6797362
-1.3754451
-1.2925063
-1.9585704
-2.2729003
-2.2184179
1.2584501
-1.0959554
-2.7590222
-1.6968469
-3.0796743
-1.9226408
-1.1428758
-1.2948358
-2.3336921
-1.1231428
-2.3963454
-1.3917774
-2.2408883
-2.2497262
-1.0359491
-1.1272383
-1.7055121
-0.44798039
-3.6988507
-1.0979566
-0.77379912
-0.21637831
-2.1971392
-2.6103077
-1.3536065
-1.6974873
-1.4726793
-2.3202248
-2.0636427
-1.6671681
-0.7908282
-2.6287108
-1.2574404
-2.4363457
-2.4323055
-1.9104913
-1.5512799
-2.990408
-2.7987961
-0.95089677
-1.2700091
-2.2313054
-2.9274238
-1.3147181
-2.9390381
-3.5173724
-1.5554349
-0.96557311
-1.1521775
-1.8177014
-2.1259943
-3.0046051
-1.77632
-1.4675211
-1.5362099
0.058918903
-1.6728781
-2.3906568
-0.055416618
-3.6974915
-1.3144778
-1.7496189
-3.1186363
-1.1854074
-1.6115175
-1.5062661
-1.9666183
-1.510227
-1.6161966
-0.22187174
-2.5753649
-2.0474466
-2.5326497
-2.4386505
-1.9047573
-2.5647065
-3.4072349
-1.2465038
-0.10534797
-2.5259383
-1.3646304
-2.6356846
-2.5686706
-1.3418857
-2.7753814
-2.8520518
-0.83209458
-1.0876901
-0.98827572
-2.4617401
-1.2135412
-2.0749722
-2.9385549
-4.0683908
-1.97213
-1.6551439
-2.3296458
-1.6882309
-1.6685139
-1.5237618
-1.5689395
-1.3816762
-1.8422709
-2.0246031
-2.0465381
-2.2242492
-1.598596
-2.1511935
-2.8210903
-1.1036678
-2.3097405
-2.062709
-2.409119
-3.3576497
-1.2324742
-1.3229464
-2.009156
-1.9922908
-2.6348669
-1.8960355
-1.7186441
-2.2895189
-3.3415719
-2.7214815
-1.5842004
-0.2184193
-2.5266002
-3.07704
-1.06869
-1.4010662
-1.9843871
-2.5462609
-3.3318674
-2.4257082
-1.97564
-1.3982524
-0.13538749
-1.0097093
-1.739591
-0.95230272
-0.82441834
-0.81693168
-1.3190806
-1.8049822
-3.0529
-1.0324178
-1.8097082
-0.73069338
-2.3961764
0.27861255
-1.8964707
-2.7158754
-0.63371303
-1.953671
0.21422883
-0.99974716
-2.6917034
-2.5559153
-1.6976884
-2.5229839
-1.8476967
-2.4685548
-1.8867757
-1.8335854
-2.6968797
-3.4193416
-1.7702118
-1.1907972
-3.5691639
-0.50648424
-1.862298
-1.2389699
-3.1261238
-2.1348215
-1.3867632
-1.8417442
-1.8128617
-2.1213749
-1.4969743
-1.9926877
-2.8757665
-1.9855635
-1.5138401
-2.2418231
-1.2122754
-0.85380049
-2.1697313
-2.0881346
-1.3365886
2.0468305
-1.6610437
-2.5043641
-2.2312346
-2.51036
-1.9176861
-2.5179273
-2.4368997
-1.4539649
-1.5788514
-1.767739
-1.1879995
-2.8004355
-1.7005566
-2.173642
-1.990656
-2.7463939
-1.9067071
-3.0153986
-2.7949691
-1.6190313
-2.5987
-1.3501477
-1.1988233
-0.93380813
-2.6876492
-1.1076874
-2.1249228
-1.9854782
-1.4288627
-0.73512684
-1.5321529
-1.8014848
-1.9682083
-1.7224785
-0.74680067
-1.7162509
-1.2684219
1.1133602
-0.89090343
-2.2057326
-2.8914516
-1.5547531
-2.7576013
-0.36202182
-1.6112399
-1.8633058
2.5602624
-2.0734839
-2.2225477
-1.4010731
-3.6566036
-1.5802458
-1.3245096
-2.1411553
-2.1574135
-1.5699356
-2.8271123
-1.8785971
0.041459047
-1.6509683
-2.236623
-1.2782523
-1.8905811
-2.0719101
-1.3462165
-2.4422339
-1.591171
-2.1648653
-2.4078769
-2.4341491
-2.0113019
-0.39828657
-0.53717279
-2.3825059
-1.5674754
-0.85744445
-1.1797101
-2.737617
-3.0870914
-0.74793559
-0.41063393
-1.6717312
-0.52306023
-2.044829
-1.9695068
-1.8599759
-0.11873967
-1.5739587
-2.1464163
-3.0086625
-1.2128806
-1.359618
-3.1119324
-1.1330272
-0.72965426
-1.4545397
-1.9897062
-2.8983788
-1.1515972
-0.91738934
-2.7840372
-0.73479419
-2.2687388
-0.69211569
-2.7144646
-2.4336689
-1.5958503
-1.9914115
-1.5228561
-1.7177663
-1.8956903
-3.0644994
-3.5276542
-2.1947934
-1.2465525
-2.5153369
-3.6199902
-2.2829213
-2.7390738
-2.6643645
-1.7219104
-0.88841984
-2.0224881
-0.051315244
-0.68168241
-1.5536291
-1.2841399
-0.8322039
-0.9221284
-2.0681662
-2.6673451
-1.1589261
-0.99462138
-2.4724892
-2.3646144
-2.1290243
-2.5230872
-0.6729542
-2.9036762
-1.6701772
-0.8504084
0.11793697
-2.7308641
-0.7233214
-2.0534002
-2.3348523
-2.645552
-0.99629933
-2.7905105
-0.6063935
-2.8570413
-1.8174396
-1.0477064
-2.0294031
-0.2923738
-1.3994061
-3.5859942
-2.4008376
-1.6632637
-1.4588251
-1.1881846
-2.9157773
-1.9127923
-2.0788863
-2.106581
-1.6510109
-0.72083385
-0.52672324
-1.5839595
-2.2877776
-2.5979419
-0.021417151
-2.3037368
-3.0449093
-1.3739325
0.15710557
-2.3811159
-1.4165131
-2.9088378
-2.7585825
-2.4202933
-0.72957115
-0.023822927
-0.83023544
-1.9908293
-1.4891934
-1.5618636
-2.071967
-3.1664949
-2.4383723
-1.3371082
-1.8899977
0.3260952
-1.94449
0.090398208
-1.4927539
-2.5301616
-2.3819578
-0.84129987
-1.9659315
-1.4096243
-0.76460959
-2.4416483
-1.8236038
-2.115551
-2.0806487
-2.7624198
-1.4729776
-2.5143309
-2.4392855
0.44997134
-2.4878426
-2.5536084
-1.45979
-1.3377641
-1.8480169
-1.6292909
-2.2836051
-1.8078106
-1.1998007
-0.80230566
-1.8019154
-1.781439
-2.3856722
-2.1812251
-0.49520972
-1.560261
-1.7943116
-2.2370049
-0.86953249
-2.3767623
-1.9952704
-2.4727458
-1.8778824
-1.8891228
-3.981461
-0.8423833
-2.064203
-0.37607002
-2.162979
-1.9891814
-2.1795129
-3.0353488
-2.1291526
-1.0005246
-2.2210833
0.15846613
-1.1153942
-2.370411
-4.423111
-0.86527641
-0.4631922
-1.4488116
-2.2147999
-1.1211742
-0.8459318
-3.2373345
-2.1001522
-2.1938661
-1.0603369
-0.83553454
-1.5080231
-2.8996884
-0.64030142
-2.7017319
-2.8838968
-2.292427
-2.5803402
-0.81111677
-0.96493319
-2.2266657
-1.3425744
-2.9963836
-1.8706633
-2.1686232
-1.7485555
-1.2033795
-1.4146138
1.1577824
-1.8550721
-2.0985753
-1.9423362
0.29292255
-1.9780773
-2.2484171
-0.88026615
3.2608585
-2.3363418
-1.4886042
-2.4381065
-2.8869525
-1.9745755
-1.4816896
-1.2805552
-2.5021728
-2.0458215
-3.0673205
-1.6222156
-2.0542612
-2.747134
-1.8958155
-2.2467538
-2.1562737
-1.4597552
-3.0411034
-3.3852121
-0.058118778
-2.1979635
-2.2811916
-3.045855
-3.1975883
-3.2517723
-1.7697378
-2.9250591
-3.1926455
-1.8443034
-1.0968336
-2.3147537
-2.9049984
-2.4522757
-2.3243444
-3.6607192
-0.18605249
-1.9062159
-1.1973042
-1.5226642
-3.2285973
-2.8920075
-2.876278
-1.84859
-1.5478582
-0.4662145
-1.4392373
-2.2580584
0.032307
-1.2958759
-2.1070926
-1.7443673
-3.2774575
-1.249355
-1.3009439
-2.0830925
-1.150857
-1.8952014
-0.43492119
-0.97590151
-3.191649
-0.5410663
-2.1157586
-1.1003108
-1.0625768
-2.1771661
-0.60007208
-1.272656
-1.3686721
-2.3617918
-2.2756631
-2.5030896
-0.63169775
-3.9138998
-3.0212756
-0.51644002
-0.92774179
-2.5052689
-3.4749239
-1.6994024
-2.5145441
-2.7483137
-1.9321023
-2.5342642
-2.4392617
-2.0102428
-2.7057898
0.12137185
-2.7662391
-2.2442798
-1.4195644
-0.89689362
-1.9061183
-2.3435081
-1.4616711
-2.8942819
-2.7645687
-2.0887688
-0.41518688
-2.1702155
-2.091531
-0.80290373
-2.94637
-1.4054532
-1.4166586
-1.5475529
-3.3362084
-3.3825549
-2.0529249
-2.1002001
-1.1802495
-2.3341403
-1.0347908
-2.4745318
-1.9124458
-2.1299102
-1.8692456
-2.522695
-1.4985277
-1.547683
-1.2821255
-1.3894527
-1.9290285
-2.7374983
-2.6998486
-2.505636
-2.3145472
-1.4011769
-1.1279377
-0.46795877
-1.8661774
-1.7409716
-2.6119753
-2.6251893
-1.4914173
-1.841378
-1.6075836
-1.9639735
-1.8758489
-1.6068669
-3.3108714
-0.20072996
-1.6609309
-1.3238772
-2.2554138
-2.9864507
-1.3078619
-3.0235185
-2.1818386
-2.1945828
-1.1533742
-2.9720619
-1.9813937
-2.2020703
-1.2078723
-0.7685213
-1.4236847
-2.1737452
-1.4684664
-0.73310413
-2.497215
-0.41799276
-0.7220985
-1.5654676
-1.5949634
-1.8763009
-2.53988
-3.5979791
-1.8383876
-2.3287151
-1.1831928
-2.2842027
-2.8907132
-2.2804238
-3.4756274
-1.3900857
-2.2760936
-2.6462559
-1.6091131
-2.6357122
-1.6216599
-2.2336148
-1.2980274
-2.9048214
-1.9553851
-1.5923269
-1.9681624
-1.5328437
-1.9715663
-2.814758
-2.6610995
-2.1656134
-2.2395871
-1.7623234
-1.5269218
-1.0886187
-2.0550314
-2.7389579
-2.7564637
-2.1155295
-2.3835688
-0.57486025
-1.602462
-1.3516715
-0.75724571
-1.4294286
-1.2019566
-1.9915449
-1.6219162
-0.46534916
-1.8262565
-1.2049575
-2.3535911
1.0044932
-2.0468055
-2.5730807
-0.23618495
-2.340364
-2.2049297
-0.47314822
-1.5955049
-2.0157234
-1.049888
-1.267733
-1.6295253
-1.8462828
-1.5578179
-3.2376622
-2.6606811
-2.4028488
-2.694626
-0.71090171
-1.0629456
-0.4122165
-0.69594143
-2.8006413
-2.4920063
-1.4699926
-1.0695345
-0.50049291
0.49610917
-3.1553247
-2.1041236
-1.0598363
-3.7284261
-2.7917997
-2.3608523
0.043545224
-2.4576479
-0.8789265
-2.2135852
-2.8129697
-1.9223698
-1.9064771
-1.7085692
-2.5182043
-2.4832532
-2.066999
-1.2551134
-1.5627982
-2.9538919
-1.6837516
-2.8531686
-2.9029167
-1.6030175
-2.3408109
-2.0225904
-2.6204242
-1.6578662
-2.654418
-1.9020309
-0.84116765
-2.4389665
-1.8783584
-1.4216443
-2.6024625
-2.8840132
-3.2294976
-3.69135
-1.3400876
-1.0156731
-0.78682694
-1.4048596
-2.3489464
-1.545929
-2.9151742
-2.1104222
-1.0607239
-1.8730344
-1.0955838
-1.6572936
-1.4592588
-0.43989347
-1.3893763
0.74814865
0.24255273
0.16376295
-2.2010572
-2.1330269
-0.74420674
-0.30072291
-1.6414214
-2.6617338
-3.5171513
-1.4262713
-0.13938028
-0.11919056
-2.5447296
-1.0570162
-3.0912012
-0.54198291
-1.9447516
-1.6213699
-2.4085718
-2.0387424
-3.7439794
-1.4817203
-1.421022
-1.345256
-3.3576262
-1.9239747
-1.5265107
-2.4758163
-1.3320972
-2.2685455
-1.9176282
-0.71725876
-1.9884308
-1.3073345
-2.4563419
-1.719341
-2.7573901
-1.0594714
-3.4862049
-1.9563279
-1.5143671
-2.7953578
-2.0751618
-2.7667579
-0.42919854
-3.2552565
-2.2822863
-1.0553964
-2.5345797
-1.9391912
-1.6208402
-2.6576505
-2.1802704
-2.8855075
-1.2077372
-0.74633292
-1.4944309
-1.1510456
-1.0971581
-1.9201682
-2.2908615
-1.697501
-1.540258
-2.804829
-1.5288219
-1.4460631
-1.8596039
-3.5485035
0.11640497
-2.1659518
-2.3205301
-2.0930457
-2.6810129
-3.1117989
1.385784
-3.1372404
-1.5316349
-1.8605383
-1.7003553
-0.39061102
-1.3090838
-3.0421497
-4.4422132
-1.5576
-1.5342517
-2.8378519
-1.7159572
-1.9928582
-1.215601
-0.82589032
-0.76438674
-2.4606582
-2.4738111
-2.8538407
-1.3602985
-1.6318582
-1.9948455
-1.5645722
-0.49612581
-2.2148871
-1.2648856
-0.90216247
-1.9784837
-1.8911976
-2.6078373
-1.8316849
-2.8947416
-1.9181191
-2.4687228
-2.0933261
-1.4023401
-2.7095935
-2.7472128
-2.0382411
-2.4971588
-2.9203189
-1.9185224
-1.0056082
-2.2339657
-0.56165055
-2.4253982
-2.8209664
-1.7372972
-1.8079404
-0.067505102
-1.3043019
-3.065287
-1.9936339
-0.89413347
-3.561403
-2.0101552
-1.4157276
-1.9072752
0.34134603
-3.2686497
-2.6812418
-2.2132955
-0.81035446
-2.6714018
-4.2965319
-3.4700004
-0.29365233
-1.9554791
-2.3441289
-1.096576
-1.8310646
-1.7074929
-2.0939275
-2.9980134
-1.9379797
-1.4818412
-3.6186503
0.067148451
-2.5249603
-0.95768012
-0.69506246
-2.2248518
-2.0309241
-1.5037095
-1.4913784
-0.98054076
-2.5076252
-0.73979621
-2.2644064
-1.8887656
-2.7406444
-1.5584576
-0.94845456
-2.1660225
-2.2259311
-1.202703
-1.2143082
-2.1816878
-2.2598099
-2.1932521
-4.0645661
-1.6266609
-2.6277673
-2.2696812
0.38585076
-3.1100642
-1.3762096
-3.3336469
-3.2635061
-0.081167859
-4.5680534
-1.5243426
-2.5427953
-2.7398959
-3.1200973
-1.7957358
-2.273196
-1.9339911
-0.60080801
-0.29966448
-2.5198798
-2.3495872
-1.765488
-1.248579
-3.1185419
0.68182291
-0.82251664
-0.38943425
-0.18538179
-1.9482244
-2.3275177
-1.9800808
-0.9919252
-2.3944004
-1.8638469
-0.12887548
-2.1214205
-2.3841173
-2.2910804
0.010932137
-2.143546
-1.9653985
-3.9622502
-2.0117244
0.52244952
-2.4180934
-1.6775904
-1.2217495
-2.9700587
-3.2300254
-2.5995995
-2.1684809
-1.5613352
-2.2701744
-1.2840898
-0.44178441
-2.2707064
-3.2503464
-1.8915357
-2.0616397
-2.2530567
-0.60647796
-1.0905187
-1.5490608
-2.1265062
-1.6926655
-2.6846273
-0.7492137
-1.5865163
-2.1817474
-2.2156179
-2.7869012
-1.2923232
-1.4663696
-2.8871894
-0.84436352
-1.8412331
-2.0912149
-1.0730411
-2.60134
-2.0110071
-2.6049699
-2.437887
-1.2536758
-3.7545023
-1.5809756
-1.5330799
-3.6365991
-1.2987291
-2.084484
-2.2625044
-3.2735339
-1.9159338
-1.5386799
-1.1566666
-2.8322741
-1.9500712
-1.8024485
0.18024751
-3.6120269
-1.5732604
-2.5912255
-1.5495406
-1.3003448
-1.9210645
-1.6375853
-0.26500069
-3.025159
-2.9680779
-2.2371769
-2.6552163
-1.5728529
-1.9421168
-2.4223907
-3.0387072
-0.81329263
-1.9779701
-1.5647958
-2.9127738
-2.7326282
-0.69915378
-1.9439318
-0.49327828
-3.0035717
-2.6054251
-1.2850417
-1.1162314
-3.0104097
-1.5449153
-0.98700201
-2.5913548
-1.1303863
-2.6387378
-1.7572982
-0.57114862
-2.8863713
-1.5618647
-0.95816676
-2.6992421
-1.4825797
-2.4670077
-0.97569702
-2.6399664
0.66982709
-2.6085206
-2.0212367
-2.248968
-1.3331464
-1.4149872
-3.2706675
-2.0484014
-2.4498699
-1.6784532
-2.5398061
-0.89749625
-1.7362905
-2.0121475
-2.7593801
-2.3085845
-1.787101
-1.4048115
-2.5637571
-2.2097133
-2.7437665
-2.5661111
-2.2596169
-1.3747625
-1.6631395
-0.84273145
-1.434361
-2.5008017
-1.8928767
-1.1980287
-2.7795761
-1.6340582
-1.5776893
-1.2786013
-1.8343669
-1.6181182
-2.2850932
-2.3901047
-1.9885966
-2.2287024
-2.0639875
-2.5873475
-0.74612819
-1.4924533
-1.9423934
-1.7990098
-1.7405491
-2.0990218
-0.25833848
-0.77257676
-1.4284471
-1.9542279
-2.2845834
-2.3005918
-1.9756491
-2.4696519
-2.3545559
-2.0408194
-1.9553447
-0.37214725
-1.8194169
-1.4904742
-4.913149
-0.65416109
-1.7015239
-3.1791667
-1.6100473
-1.58585
-3.4343911
-2.5663847
-3.0015428
-1.0858499
-1.7599131
-2.3212822
-1.2061639
-1.4872849
-1.7878087
-1.9323328
-3.261967
-2.7051075
-0.20222504
-4.2839127
-0.87614932
-0.6785196
-2.610187
-1.2548192
-1.8441451
-1.2649022
-2.7931641
-1.8560582
-1.3114471
-1.2270561
-1.4916345
-0.098982644
-2.0849851
-3.2856783
-2.3751557
-2.740707
-3.5440211
-1.8949622
-2.0669736
-1.5441048
-2.4768043
-2.8331394
-2.3496751
-1.5016071
-1.1053439
-2.647262
-0.14529047
-1.4183872
-1.1859879
-2.7290337
-0.70682956
-2.8369667
-2.1467521
-1.0629945
-1.4121781
-1.872854
-3.0015898
-0.1680072
-1.1290204
-0.81435602
0.89655341
-1.3709073
-2.5802035
-0.77620776
-4.0110367
-3.114843
-2.2285216
-1.5930004
-1.7191121
-1.5571438
-2.3309539
-1.6458565
-0.88132493
-1.6606488
-2.6844343
-2.1775667
-2.9496622
-1.8848131
-1.9551005
-2.2930919
-1.7989551
-1.9001805
-2.5473471
-1.7764051
-2.9831056
-1.326568
-2.051339
-1.3920628
-1.7031401
1.2524483
-3.1776757
-1.1154811
-2.4146033
-1.6623984
-2.713313
-0.80481512
-0.99858219
0.19502493
-0.9174883
-2.7878524
-1.9053381
-3.7776774
-1.0906395
-1.8910396
-1.0006738
-3.4623972
-1.7191303
-1.5681308
-2.4722292
-1.4155877
-2.0848167
-2.5399665
-0.89805889
-1.7190057
-1.7441644
-2.0545238
-2.1383457
-1.5224271
-2.0290882
-2.0970638
-1.2451869
-0.60325111
-2.332974
-0.98288793
-3.0590262
-1.8187231
-3.0112188
-2.4979066
-1.5928232
-0.80750739
-2.5328257
-0.39004351
-0.8667392
-1.5032952
-1.5606537
-2.6744302
-0.67774053
-1.6779712
-1.7201164
-1.5196204
-1.8487117
-2.3680653
-1.3357342
-1.744299
-1.5402405
-1.7255296
-1.7729415
-2.0387095
-2.0278277
-1.6758798
-2.2446469
-2.6830307
-2.0760089
-2.2080153
0.46905431
-2.0155091
-1.8223775
-0.68210958
-1.5245804
-2.2184751
-1.7303013
-2.6232843
-1.2279863
-1.7030686
-1.3368326
-0.55502206
-0.50465971
-0.77027685
-3.2967778
-1.5309966
-2.2282208
-1.2711673
-1.608855
-1.7511212
-1.7278164
-1.1736219
-1.692205
-1.4986513
-1.3396983
-2.0614983
-2.905535
-2.466545
-0.68895222
-0.46437038
-1.2357347
-1.4054999
-0.88673943
-1.3819174
-2.294688
-1.5153082
-1.715103
-1.1795902
0.94791336
-2.4290939
-0.4802574
-1.128389
-1.6323417
-2.2126848
-2.3695795
-1.8736726
-1.4239134
-0.17373992
-1.3750671
-1.6205348
-1.9563966
-2.722198
-2.7226493
-2.3931416
-1.2621489
-1.7735702
-2.0496101
-1.9566236
-1.7307637
-0.48265119
-3.6619764
-2.3663172
-0.26784421
-1.4547234
-2.0393315
-1.4265987
-2.4660939
-1.8279468
-2.4765136
-1.5624931
-1.4949682
-1.841465
-2.7134377
-1.8601606
-1.4702248
-1.1542367
-0.95372073
-0.69993012
-1.2280386
-2.2850285
-1.756324
-2.7387546
-2.3276125
-0.96626123
-3.2688294
-1.688519
0.71786362
-1.6600365
-2.0189656
-2.5720625
-2.9829806
-1.6165973
-0.53861136
-2.5748355
-2.3188634
-1.1782523
-0.35342874
-1.8437782
-1.9468592
-2.2525852
-0.86305595
-2.069999
-2.4395526
-2.5401976
-1.1169876
-0.51214898
-2.6955621
-0.92132279
-1.5608346
-1.7477679
-1.2106553
-1.8590726
-1.5317703
-0.35907344
-1.0925568
-1.0681119
-1.3506194
-1.3564412
0.52022911
-1.0851195
-1.5984141
-1.39707
-1.2092613
-2.3590878
-1.8878487
-2.0069183
-1.5558516
0.31130392
-2.1247782
-1.6186916
-1.4739828
-1.2741652
0.26860312
-1.1021944
-1.9123645
-1.8135387
-1.2370536
-1.3315521
-1.5318974
-2.5805501
-0.63297192
-1.731669
-2.7692148
-3.3529262
-2.725663
-3.5804255
-2.386681
-1.3465436
-1.6224859
-3.1754993
-2.7218067
-1.1657666
-1.8469351
-3.229498
-2.1614579
-2.7740459
-3.2174418
-2.0271831
-1.8418307
-3.9183826
-3.1261485
-2.3731672
-0.68129959
-2.0680948
-2.3203515
-2.0053607
-1.9647483
-2.2593911
-2.9889081
-2.9524335
-1.6861209
-1.138674
-2.2853783
1.7155206
-1.768326
-1.2088489
-1.9742796
-1.4671162
-1.131681
-1.3247174
-2.3025707
-2.413757
-2.0139055
-2.9024159
-3.0397598
-1.0001155
-2.433795
-2.7709422
-1.5903474
-1.9443289
-2.3796319
-1.7168686
-2.6352667
-0.25882451
-1.0504473
0.010377967
-1.6742177
-1.9290662
-1.9035871
-1.7540595
-2.4613325
-1.1365313
-2.6228736
-1.829174
-2.2510402
-2.0553515
-2.0647537
-1.3398615
-2.0997522
-1.8838253
-2.8245311
-2.5831831
-0.099244643
-1.3046924
-2.7935444
-0.50319109
-2.1178317
-3.4553298
-3.5052009
-2.4598483
-2.6035548
-2.0731984
-1.9583198
-1.1536629
-3.2582399
-1.9017095
-1.2260529
-1.9125671
-1.8522364
0.3506079
-1.3609762
-2.2835004
-2.761977
-3.4748867
-2.5776783
-2.1708272
-3.62622
-2.1404193
-1.3954699
-3.8369072
-3.4077227
-2.7235433
-2.1558651
-1.1574856
-1.7684841
-2.8324825
-1.3917327
-2.6846561
-2.6769304
-1.3316325
-1.8640014
-1.5862623
-2.506088
-2.7704695
-1.5445037
-0.27246717
-3.6864862
-1.5474598
-1.699235
-1.2616073
-2.1496538
-1.2230421
-2.9834671
-2.3915775
-1.6119676
-1.939447
-0.62154495
-1.2817726
-2.6958098
-5.5953945
-2.1104153
-0.97990733
-1.7210689
-1.0682883
-2.7274482
-1.1787028
-2.3165271
-0.9899078
-2.0976977
-0.73844931
0.48966604
-2.5885757
-0.72162104
-1.7960473
-2.4023923
-1.4276185
-2.1316148
-1.4548738
-2.8169912
-2.7494804
-0.85260516
-1.8301585
-2.5192713
-1.8807163
-3.1361448
-2.2714511
-1.4866082
-2.6127754
-2.8049107
-1.9806255
-3.5970943
-1.7342504
-2.5231956
-1.9328713
0.28523317
-2.1997845
-1.2933553
-0.42273709
-1.0515235
-2.4206374
-2.5520151
-1.3363974
-1.8058656
-3.4304214
-1.9120198
-1.4099402
-1.5717931
-2.7805888
-0.64279381
-0.65716974
-1.9074736
-2.4294946
-1.2078829
-3.1075164
-2.3425769
-1.0738717
-1.8769753
-1.2794984
-2.8377199
-2.9384803
-2.8817276
-3.269686
-0.29468087
-0.23529869
-1.3591748
-1.4618945
-1.004646
-1.9015724
-3.2589637
-1.9177985
-2.8819724
-1.8355042
-1.0179154
-1.6914361
-1.0684103
-2.854209
-3.7734953
-2.0484725
-3.1279388
-2.498965
-1.5988335
-1.5796764
-2.0972016
-2.5250751
-0.93121097
-1.7845166
-2.6565307
-1.64619
-2.1751775
-0.31670817
-1.8810792
-1.1198627
-0.0669402
-1.592167
-1.8370326
-2.3976334
-2.9590867
-1.3127996
-3.0019256
-2.934322
-2.1699816
-2.7122737
-1.3750845
-1.9697018
-1.7522197
-1.688667
-1.2426121
-0.95437339
-4.4146207
-0.00070628293
-2.6491579
-2.1501025
-2.2672561
-0.51352614
-0.79908925
-2.3296524
-1.4269405
-0.56368953
-0.54558581
-2.4635994
-3.3310296
-2.0553301
-3.0155947
-2.8225255
-2.1302673
-2.2525036
-3.1795694
-1.3350363
-1.876711
-1.9487761
-2.5883129
-2.220303
-2.6349167
-1.353719
-1.5052224
-2.2939382
-1.607221
-1.2384453
-0.35634878
-2.4150335
-1.7533178
-2.9370349
-2.4387491
-1.6293109
-2.2319595
-1.4628087
-1.1879219
-1.6457703
-0.70104269
-2.5464441
-3.0867346
-0.99933224
-3.6572561
-2.4597849
-2.0472643
-1.9659485
-1.7436759
-2.593045
-1.5699779
-0.76884166
-3.4906749
-2.0793307
-1.8444124
0.25528326
-2.5402449
-2.7645304
-0.15721009
-1.4834523
-1.6118192
-2.4568119
-2.0399967
-0.94991272
-1.8574171
-0.29102823
-2.0116861
-2.486387
-1.169786
-3.2367336
-0.87038577
-2.0726613
-1.825715
-3.1830864
-0.12101373
-1.6665493
-2.4121269
-1.0005724
-4.2618073
-1.3014465
-1.9621306
-2.5745705
-1.2352629
-1.6461417
-2.2725736
-2.8827796
-3.1634796
-2.1638337
-1.4987777
-2.2006353
-1.526752
0.022769252
-2.1663028
-2.0060868
-2.4738806
-1.6024463
-0.4273379
-2.3557036
-1.8986025
-1.8371239
-1.2252289
-2.4337871
-3.6468037
-3.0519143
-2.0543922
-0.83899546
-1.7627537
-1.7951077
-2.0805764
-2.7797823
-0.81953037
-1.0530266
-2.0667792
-2.5982589
-1.3397842
-1.0015091
-1.3641944
-2.394313
-2.3885224
-1.3014613
-3.480192
-2.8584816
-1.8438509
-2.8778663
-1.4211703
-2.5410995
-1.9592807
-2.1935136
-1.7534784
-1.1305717
-1.9855149
-3.1737449
-2.5507763
-2.7313188
-1.609041
-1.7465215
-0.97691482
-1.6125833
-2.8869461
-2.2290538
-1.1848491
-2.7499683
-1.1463405
-2.1593623
-2.7217678
-0.84895997
-1.1788686
-1.516186
-2.342665
-1.7666713
-2.9852215
-0.20435762
-1.3960477
-4.8478979
-0.4515359
-0.99996837
-1.7708806
-1.7332816
-2.2933908
-2.4928924
0.94996233
-1.8555797
-1.6255357
-2.4600655
-3.4076183
-3.4184057
-2.469081
-1.7266898
0.31221928
-2.3402375
-1.9876527
-2.8750817
-0.77687501
-1.5648688
-1.0041201
-0.77189762
-1.2323488
-2.9558539
-1.7989701
-3.7820116
-4.1654129
-1.848564
-0.86084507
-2.9902159
-2.3140662
-1.3838388
-2.4520257
-2.169158
-2.0673393
-1.7741417
-1.4187718
-3.424172
-0.667754
-1.5485136
-2.3871437
-0.20089136
0.32606877
-0.84098694
-2.2228411
-1.9733509
-2.219764
-2.6154345
-0.17047716
-1.8314924
-2.3732563
-2.3036626
-2.5678468
-2.3667026
-2.4104826
-1.2544383
-2.0691301
-1.4575105
-3.0593484
-2.3539344
-2.0749815
-3.0782044
-2.0279628
-3.2057218
-2.192706
-2.9579114
-1.9840286
-2.5092908
-2.0361869
-1.5189252
-1.4072589
-3.0369342
-0.18180032
-2.072419
-2.5912539
-0.91411227
1.0818763
-0.91757295
-0.42312297
-1.4550592
-2.8832337
-1.1209189
-1.2197265
-2.5210581
-0.96550338
-0.36425811
-2.6828834
0.83025533
-1.7197616
-1.5363549
-2.0836686
-3.1324835
-3.3922875
-2.5006336
-0.70108802
-2.6162493
-1.9057883
-0.89324117
-1.1076769
-0.92614573
-1.2069479
-3.2540033
-2.7813084
-3.4242282
-1.9548995
-2.1454493
-0.99410777
-0.97470403
-2.2170656
-1.8218246
-2.0093875
-2.8127773
-2.1821807
-0.61399208
-2.9641824
-1.2723538
-2.4835564
-2.2017694
-1.2766374
-1.2501599
-1.2140141
-1.7855907
-2.5688703
-2.3034572
-1.8403642
-1.0232882
-1.8635979
-0.79925826
-1.7830203
-2.2135718
-3.2348627
-1.0593486
-1.6797408
0.16432356
-2.4783663
-1.463122
-0.94505369
-0.56736391
-1.9149986
-0.27952715
-2.3113918
-0.88300533
-1.9303541
-2.7019947
-1.8482745
-1.0532972
-1.1946008
-1.9848377
-2.288535
-1.7221311
-1.7319665
-1.6592364
-2.3391156
-2.7241322
-2.718023
-2.189983
-2.1760271
-1.7499297
-0.96180121
0.52999432
-0.3396123
-2.8082419
-0.92911178
-3.7219777
-2.9185169
-1.6520885
-1.5727675
-3.1323882
-0.61996864
-1.386817
-1.5614156
-2.6113526
-1.7599571
-1.6986097
-2.7481548
-2.0343918
-1.8149949
-1.2691657
-1.7840174
-2.5748038
-1.3268407
-2.1233552
-2.1400381
-1.5182563
-0.89871821
-1.0097496
-1.6097845
-1.941113
-2.3758209
-1.6278395
-1.4916419
-2.5670023
-3.2067395
-2.3970234
-1.0081402
-1.9321703
-0.092017162
-1.4105995
-4.1063372
-2.1976099
-3.9847076
-0.18774129
-2.4840907
-1.6259781
-0.50692385
-3.1738518
-2.2425675
-1.6646594
-2.2063999
-1.820606
-2.4180342
-1.9824723
-1.6234389
-2.0044217
-2.1655457
-2.2217896
-1.2304739
-1.6160521
-2.2868937
-2.3497846
-1.2865564
-1.1694872
-1.8788541
-2.7599917
-0.80172698
-2.5331989
-0.982319
-1.7305806
-2.6751289
-0.90411257
-2.0738988
-2.9365736
-1.3724161
-3.146465
-2.3434366
-1.9607044
-0.54064628
-3.0552859
-3.1577125
-3.0206338
-1.0039643
-1.3844347
-1.9520548
-2.5525666
-1.4393169
-2.5068673
-0.59521494
-0.63135853
-1.9760522
-2.5735002
-1.7501265
-3.0745016
-2.21404
-1.4211238
-2.82636
-0.27579294
-0.40123647
-1.314619
-1.5941383
-2.2724122
-1.1597058
-1.4086683
-2.2885409
-2.8242657
-1.7911197
-1.7243763
-1.6230691
-2.1790772
-0.93285584
-2.7691208
-1.8857457
-1.1144813
-2.7916264
-1.6620577
-1.5910385
-3.1257392
-1.7130105
-1.6042743
-1.5230842
-1.3625342
-2.1205357
-1.3831445
-1.3742288
-2.5734126
-2.9222396
-3.0714999
-1.2015929
-3.4538768
-1.5370397
-1.3643209
-1.6132994
-0.9045141
-2.2445089
-2.8685886
0.61872643
-1.2844603
-1.148094
-1.6153272
-1.1812878
-2.6255857
-1.8263182
-2.1445892
-1.6587024
-1.0474377
-1.3754798
-0.019541716
-1.5948141
-0.068139778
-2.2856625
-3.5775207
-1.4655261
-2.3468174
-1.4276113
-2.3278553
-3.2347654
-2.409453
-1.2000073
-1.5757959
-1.65564
-0.62303752
-2.0053695
-1.4812897
-1.6414966
-2.9410598
-0.87837868
-1.557526
-2.5296585
-2.0343596
-1.0204236
-1.874904
-2.1771619
-2.0098478
-1.6880092
-1.4178327
-2.4228065
-1.0721786
-0.95880896
-2.7558813
-2.1344671
-2.0500618
-3.4480768
-1.2920935
-3.129653
-3.2609054
-3.08346
-2.1375343
-1.9844537
-2.7688769
-3.1952447
-1.291799
-2.5742891
-1.7909171
-2.9374119
-1.4566541
-2.3244107
-0.97468864
-1.665538
-1.6519342
-0.47293096
-2.6997537
-1.7165756
-1.7306436
-1.7129278
-1.6162869
-1.5205141
-1.6943206
-2.4529511
-1.78129
-2.8811725
-2.8260129
-2.7353754
-0.71866416
-1.9837122
-1.4925216
-2.1437597
-1.5393374
-2.2403883
-2.5448868
-2.9323482
-2.2186999
-2.23173
-2.4800289
-2.1663525
-1.3241961
-2.4683399
-2.6360041
-0.75270151
-1.0776141
-1.2352011
-2.0011972
-2.1819215
-2.5334236
-1.1229423
-1.5476955
-1.492599
-1.5578727
-1.5910263
-2.8662644
-1.6049356
-2.6913001
-1.8900015
-1.8406467
-1.670122
-2.6630418
-0.91515548
-1.9255285
-2.9412204
0.27091975
-2.3623043
-1.5520155
-2.3226149
-2.9483504
-1.3632147
-2.5828993
-1.1805785
-0.56903166
-2.0520703
-1.388366
-3.6941945
-1.1842023
-2.5826554
-3.6291771
-2.2856458
-1.6528188
-2.2455562
-1.2223654
-1.6172299
-2.1672642
-2.4313867
-2.9835816
-2.5996784
-2.1802526
-2.1518972
-2.0877474
-2.6294003
-0.94610022
-1.3145132
-2.1182308
-1.5394481
-1.6804074
-1.1192986
-1.5549157
-1.9180186
-1.9853494
-1.9914623
-3.2701901
-2.2331853
-2.5421035
-1.653557
-1.2241944
-3.4688541
-2.3677034
-1.3548957
1.1314845
-2.6482179
-1.4985105
-1.244084
-2.2183455
-2.131935
-2.9639319
-1.1422865
-1.8997889
-2.1778044
-2.1566057
-1.0936995
-1.5534783
0.019150856
-1.6276382
-3.2506904
-1.7363647
-2.0243632
-1.9249285
-0.90309116
-2.3745425
-1.12728
-2.1882636
-2.4258183
-1.3451641
-1.1189236
0.37202283
-0.50554798
-2.2009874
-1.7990181
-1.3181545
-1.8989917
-1.8199523
-1.8789952
-2.9549728
0.55373448
-1.7941579
-2.0566406
-2.7969356
-2.4907556
-2.6330817
-0.84431838
-2.3288822
-1.5186123
-2.2720236
-1.8515195
-1.8030288
-0.26768492
-1.6802497
-2.3085461
-1.7341093
-2.2211841
-2.774101
-1.8734191
-1.7524434
-2.6941448
-2.4315624
-2.1592051
-2.0491293
-0.99468758
-3.0536149
-2.6378643
-2.1936379
-2.5377911
-1.049045
-1.6112471
-3.4210078
-1.6183741
-1.9309681
-1.771758
0.13532898
-1.5885199
-1.5488577
-2.7311174
-1.6604314
-1.0163856
-0.60285553
-1.1116333
-2.4461938
-0.80930643
-3.1962069
-1.6834546
-2.0384207
-1.8914333
-1.3754
-0.67025279
-2.5901715
-0.78379094
-2.7923144
-2.0901052
-2.6565323
-1.1998382
-1.489575
-2.5700746
-2.5964127
-2.1166563
-1.9456776
-1.3544021
-2.0481023
-1.580226
-2.336973
-1.9723175
-1.3998575
0.020216586
-2.5702307
-0.72710732
-2.1033876
-2.403905
-1.5733847
-1.9255682
-2.3387904
-2.9286858
-1.8089639
-1.259498
-0.540972
-1.6172461
-0.49621989
-2.4112711
0.30415385
-2.5918143
-2.6045677
-2.3354909
-2.7796822
-2.4693442
-2.2080339
-1.7854487
-4.1927813
-1.6862529
-1.5555528
-1.1942531
-1.2139796
-1.663266
-1.0464892
-1.0497916
-3.6649986
-1.0245152
-1.209084
-2.6708779
-1.9138977
-0.32699824
-3.214952
-1.7001688
-1.6207089
-1.8358528
-2.7493709
-2.2286086
-1.2676255
-2.3578506
-1.4786161
-1.8728068
-3.6222891
-2.0506562
-2.0214207
-2.9642325
-3.8653423
-1.4947076
-1.4482516
-2.1627158
-0.99976466
-1.3957662
-1.1969338
-2.2213004
-1.4032665
-2.1523947
-2.2185669
-3.2943725
-1.2467484
-2.4358677
-0.40424896
0.47698432
-1.2231167
-1.8031053
-2.2390082
-3.7613743
0.49058513
0.78052185
-2.570238
-3.0289586
-1.8762532
-2.720304
-2.1347328
-1.3174956
-1.4950259
-2.655217
-2.8351906
-2.6065169
-1.9352605
-1.7353442
-2.8428887
-1.6097379
-1.0044107
-1.5196509
-0.74188881
-0.99970191
-1.8262841
-1.425509
-2.4664896
-1.6199578
-2.7309845
-2.542576
-2.026265
0.2087519
-1.9443064
-1.1055054
-2.8158068
-1.5826606
-0.63304765
-0.90850068
-2.5038841
-2.0472475
-2.2483812
-1.2731279
-0.99648155
-0.98364056
-2.0441562
-2.0702467
-1.4511995
-2.0563576
-1.5111688
-2.6509027
-0.86818876
-3.2432833
-2.2938637
-0.95094747
-1.0400674
-2.3631398
-2.8677963
-1.1074414
-1.6579161
-1.2313937
0.014343108
-2.0389313
-0.84061903
-2.2753843
-1.5316745
-1.0151713
-1.099113
-1.5969536
-2.5647122
-2.0988681
-1.1533805
-2.5599696
-0.84372623
-2.7378164
-0.60238972
-2.1883063
-2.6320796
-0.67351867
-2.1933358
-1.1307576
-1.8538482
-0.91989738
-1.9314599
-0.074263282
0.51750874
-2.0322406
-1.5467958
-2.5627947
-2.3073274
-0.90190833
-2.2414725
-2.8321821
-2.6720391
-0.67688149
-2.2752356
-2.4169764
-2.1510843
-3.5132748
-1.9438018
-0.019435895
-1.9311034
-1.3707724
-2.0732589
-1.0171664
-2.9397435
-3.3298604
-2.8170168
-2.041285
-2.837923
-1.2792101
-2.2378351
-2.1416073
-1.7211746
-1.057327
-1.9168408
-2.558546
0.40411361
-2.0674907
-1.9808374
-3.5894073
-0.16191428
-1.1153107
-2.1171549
-2.4434327
-1.3704912
-1.8526175
-2.803746
-1.6329361
-2.7618004
-3.8782242
-1.6847056
-1.0753621
-2.2409636
-1.8519135
-0.91580307
-0.21865698
-0.50013772
-1.8310465
-2.7449964
-2.9014345
-2.5063248
-2.626159
-2.9198389
-0.0087976834
-0.61371173
-2.8572129
-2.1648834
0.50377661
-1.9188215
-2.2283297
-2.2621324
-1.8335131
-2.7079283
-1.5736069
-2.0807125
-1.6501105
-2.3620833
-1.3179904
-3.8379148
-1.790059
-3.4220645
-2.3756381
-0.18511655
-1.8157496
-0.34082155
-2.1783306
-1.494317
-1.8193888
-2.4553952
-2.2837804
-1.6980643
-0.031528095
-1.4054976
-2.6768391
-2.370642
-1.8486518
-1.5072243
-3.4108323
-1.2779769
-2.0246025
-1.9123672
-1.8902717
-3.5386134
-1.7356461
-1.0130802
-1.8007247
-0.51273461
-3.8316962
-3.4374405
-1.34527
-0.76692576
-2.4598682
-1.1818855
-1.9244688
-2.1244765
-1.5127742
-2.1637583
-3.0333527
-1.9948871
-2.0007887
-1.9927461
-1.9665709
-1.0070925
-1.8024388
-1.3444058
-1.3292923
-2.5490121
-1.0963046
-2.9091192
-2.5787411
-2.0857032
-1.0882244
-1.9056264
-1.3042999
-1.9663491
-1.5172244
-0.4056757
-1.785186
-1.708229
-2.9648656
-2.5722218
-2.0614843
-1.7188453
-2.2518184
-2.0470257
-2.6737746
-3.2447367
-0.22020201
-1.6990439
-2.1528075
0.76108709
-2.0280829
-1.7530075
-1.9818961
-2.7412386
-2.0563647
-2.0119808
-2.4271225
-2.1444047
-2.3741796
-0.57940651
-1.7075228
-2.30615
-2.174588
-2.2729113
-1.405702
-2.1422302
-1.9574135
-2.9627027
-2.2180155
-2.0385178
-2.2919925
-2.2866478
0.28647341
-1.8001616
-2.5949465
-2.8270305
-1.7286187
-1.5210568
-2.3895648
-1.3638933
-2.0310246
-2.4188957
-2.2984383
-1.2296122
-1.6414451
2.1817
-1.487221
-2.8083577
-1.732531
-3.069543
-2.3406267
-1.169007
-0.74998705
-3.6610546
-2.3373575
-0.40476644
-1.8990281
-1.0190096
-1.5211205
-2.0877984
-2.6107075
-2.819324
-1.2915963
-2.2859433
-1.7786665
-2.331326
-1.0970641
-2.1960138
-1.9409926
-0.54711112
-1.1653017
0.57169874
-1.5457204
-2.0769919
-2.2775483
-2.5060317
-1.39828
-0.30549151
-1.1754129
-1.8636293
-2.0454225
-1.7446964
-1.9620582
-3.3230147
-2.0512685
-2.0194744
-3.1810571
-1.6185911
-1.8061869
-1.8710785
-1.3178202
-1.2660093
-1.9839876
-2.4404714
-2.1290082
0.54828616
-2.4277201
-1.9894701
-0.59647126
-0.93715554
-1.6739359
-2.2378692
-2.2247585
-0.63024556
-2.0865008
-1.3486667
-0.91984291
-1.2915442
-0.77241531
-2.1225496
-1.7980255
-2.333368
-0.76179462
-2.2528837
-3.4508399
-1.2332172
-1.4439853
1.3274741
-1.2893163
-2.4043643
-1.9866097
-1.5934589
-2.5727517
-2.4593989
-2.1027573
-2.4057566
-2.4849145
-2.1366907
-1.0545805
-2.3459372
-0.61663716
-2.8102849
-0.49683227
-1.0551588
0.018611674
-2.6092106
-1.6176652
-1.1688701
0.038756434
-2.5114856
-1.7160382
-1.7247699
-1.8870012
-2.0812795
-1.1404851
-3.3130293
-0.72150573
-2.6040076
-3.1098724
-2.5172606
-2.0517846
-1.687563
-1.1420201
-3.2488339
-2.3727892
-1.8199944
-3.5781592
-1.3476815
-2.7160447
-1.1570057
-1.9213551
-3.2463125
-1.2623715
-2.6181952
-2.3814015
-2.2015672
-3.2997648
-1.3398995
-2.7025227
-0.43753586
-0.65609454
-2.5860072
-2.9015349
-2.1478924
-2.8041644
-3.256242
-1.5725794
-2.5776554
-2.8487036
-2.5150032
-1.0644903
-1.1272998
-1.8441134
-2.4231805
-0.71618017
-0.91118441
-1.9138328
-2.8544342
-1.6079397
-1.2526815
-2.9675995
-2.1134335
-3.7883099
-2.6639022
-1.6576091
-4.0974111
-2.9681552
-2.3000973
-3.0076909
-2.3332974
-2.6930095
-2.0058872
-1.6606093
-3.0261181
0.33825152
-1.4350191
-3.5651281
-2.3780929
-2.1744905
-3.9144327
-2.2546119
-0.65835956
-2.0874134
-3.7360098
-3.1176677
-2.4602983
-2.6485852
-2.0079579
-2.4904029
-1.5420526
-1.3586678
-1.8657
-2.5837966
-0.71345986
-1.8638239
-1.7978939
-1.153629
-2.8590626
-1.1139911
-2.2721474
-1.2216027
-1.6749163
-3.5940928
-1.8120516
-1.9097275
-1.298609
-1.7913875
-1.8927276
-1.8291179
-1.8764778
-0.77165866
-1.5336064
-1.5869713
0.23284182
-2.442247
-3.5693956
-1.8284402
-2.3827736
-1.3188479
-1.0631847
-2.3278711
-1.3276096
-1.3626656
-2.5849632
-2.7325758
-2.0307182
-2.6183222
-2.3244893
-2.2534459
-2.4036705
-3.5984436
-1.4138098
-2.2521482
0.3610707
-0.74862042
-1.3697575
-1.9422486
0.48198411
-1.9253055
-2.0740402
-2.8288762
-1.7740445
-1.5954549
-1.8588183
-1.4664293
-2.6768202
-1.5071248
-1.3240955
-2.5914091
-2.6716061
-2.2454511
-2.3973218
-1.4998879
-2.428572
-1.6376061
-1.2319993
-1.3408464
-2.1718385
-1.1021001
-1.8159701
-1.2935962
-0.93363936
-1.9727648
-1.2761047
-1.3706676
-2.4571935
0.24733999
-1.1312463
-0.96220728
-2.1647431
-1.8747225
-1.2671867
-2.282594
-2.6946937
-2.2470719
-2.4760772
-1.8991485
-0.72709278
-2.4596771
-1.7234191
-2.3987855
-1.8899242
-1.1962002
-2.572121
-1.7751611
-3.6064452
-0.10646602
-2.9221778
-3.3006993
-0.065567601
-1.4774115
0.8966612
-1.914245
-1.659419
-1.9579207
-2.7450081
-2.4161662
-0.65793198
-1.9230527
-0.69724539
-1.3354061
-1.4352353
-1.655249
-1.0902525
-0.99156632
-1.9113196
-0.20195748
-0.99873862
-2.0383701
-1.5180923
-2.9448196
-2.4492551
-1.3426463
-1.2904526
-2.9097488
-1.0161026
-1.9995158
-1.1127617
-2.4750706
-1.5365029
-1.6749412
-2.9573621
-1.8073244
-1.5771363
-1.7124041
-2.1259426
-2.317873
-1.7583511
0.73203681
-2.0560823
-1.1902641
-1.7303034
0.10491753
-2.1004557
-2.3646536
-2.4419226
-0.10223722
-1.067995
0.31610716
0.72619675
-2.0390291
-1.8052569
-2.9263035
-1.4951538
-3.5655466
-2.2360417
-1.0554067
-1.4672366
-1.1887032
-0.38082875
-1.7181482
-2.2793429
-1.1258243
-1.8599265
-1.4808093
-2.0605539
-2.4283559
-1.9823502
0.29615548
-1.3101467
-2.0257867
-1.9776705
-1.8961707
-2.0531238
-3.1327002
-1.9481051
-1.8714077
-1.8423041
-2.3722542
-2.3472873
-0.80250558
-2.448572
-2.3863975
-2.0458067
-2.795272
0.39676989
-1.9489988
-2.1190309
-3.3959644
-2.2338386
-2.6035031
-1.7224186
-1.7260038
-2.159064
-2.5911525
-2.2607153
-0.11865659
